1.026500000000000057e+02 3.207000000000000000e+03
1.023499999999999943e+02 3.188000000000000000e+03
1.020600000000000023e+02 3.167000000000000000e+03
1.017399999999999949e+02 3.166000000000000000e+03
1.014599999999999937e+02 3.161000000000000000e+03
1.011500000000000057e+02 3.148000000000000000e+03
1.008400000000000034e+02 3.142000000000000000e+03
1.005600000000000023e+02 3.124000000000000000e+03
1.002900000000000063e+02 3.064000000000000000e+03
9.997100000000000364e+01 3.012000000000000000e+03
9.963800000000000523e+01 2.987000000000000000e+03
9.930599999999999739e+01 2.963000000000000000e+03
9.896200000000000330e+01 2.948000000000000000e+03
9.862999999999999545e+01 2.940000000000000000e+03
9.832200000000000273e+01 2.934000000000000000e+03
9.800300000000000011e+01 2.929000000000000000e+03
9.771999999999999886e+01 2.926000000000000000e+03
9.743800000000000239e+01 2.917000000000000000e+03
9.710599999999999454e+01 2.874000000000000000e+03
9.681100000000000705e+01 2.849000000000000000e+03
9.650400000000000489e+01 2.794000000000000000e+03
9.622100000000000364e+01 2.763000000000000000e+03
9.592600000000000193e+01 2.742000000000000000e+03
9.564400000000000546e+01 2.733000000000000000e+03
9.531199999999999761e+01 2.730000000000000000e+03
9.498000000000000398e+01 2.724000000000000000e+03
9.469700000000000273e+01 2.716000000000000000e+03
9.435299999999999443e+01 2.696000000000000000e+03
9.405800000000000693e+01 2.680000000000000000e+03
9.372599999999999909e+01 2.668000000000000000e+03
9.343099999999999739e+01 2.658000000000000000e+03
9.313599999999999568e+01 2.648000000000000000e+03
9.282899999999999352e+01 2.645000000000000000e+03
9.252100000000000080e+01 2.638000000000000000e+03
9.222599999999999909e+01 2.632000000000000000e+03
9.194400000000000261e+01 2.628000000000000000e+03
9.159900000000000375e+01 2.622000000000000000e+03
9.126699999999999591e+01 2.617000000000000000e+03
9.097299999999999898e+01 2.607000000000000000e+03
9.066500000000000625e+01 2.597000000000000000e+03
9.034600000000000364e+01 2.596000000000000000e+03
9.006300000000000239e+01 2.592000000000000000e+03
8.974299999999999500e+01 2.585000000000000000e+03
8.941100000000000136e+01 2.579000000000000000e+03
8.907899999999999352e+01 2.573000000000000000e+03
8.875900000000000034e+01 2.572000000000000000e+03
8.842700000000000671e+01 2.568000000000000000e+03
8.808299999999999841e+01 2.558000000000000000e+03
8.775100000000000477e+01 2.558000000000000000e+03
8.743099999999999739e+01 2.545000000000000000e+03
8.709900000000000375e+01 2.528000000000000000e+03
8.677899999999999636e+01 2.521000000000000000e+03
8.650900000000000034e+01 2.510000000000000000e+03
8.620199999999999818e+01 2.501000000000000000e+03
8.590699999999999648e+01 2.497000000000000000e+03
8.561199999999999477e+01 2.496000000000000000e+03
8.534199999999999875e+01 2.496000000000000000e+03
8.502200000000000557e+01 2.496000000000000000e+03
8.468999999999999773e+01 2.496000000000000000e+03
8.435800000000000409e+01 2.496000000000000000e+03
8.402599999999999625e+01 2.496000000000000000e+03
8.374399999999999977e+01 2.496000000000000000e+03
8.343600000000000705e+01 2.496000000000000000e+03
8.312900000000000489e+01 2.453000000000000000e+03
8.282200000000000273e+01 2.447000000000000000e+03
8.251399999999999579e+01 2.436000000000000000e+03
8.221999999999999886e+01 2.435000000000000000e+03
8.193699999999999761e+01 2.430000000000000000e+03
8.160500000000000398e+01 2.425000000000000000e+03
8.132299999999999329e+01 2.425000000000000000e+03
8.101500000000000057e+01 2.421000000000000000e+03
8.069599999999999795e+01 2.411000000000000000e+03
8.038800000000000523e+01 2.397000000000000000e+03
8.005599999999999739e+01 2.395000000000000000e+03
7.972400000000000375e+01 2.373000000000000000e+03
7.939199999999999591e+01 2.366000000000000000e+03
7.908499999999999375e+01 2.364000000000000000e+03
7.876500000000000057e+01 2.353000000000000000e+03
7.839499999999999602e+01 2.348000000000000000e+03
7.807599999999999341e+01 2.343000000000000000e+03
7.776800000000000068e+01 2.322000000000000000e+03
7.744899999999999807e+01 2.320000000000000000e+03
7.717900000000000205e+01 2.313000000000000000e+03
7.687099999999999511e+01 2.309000000000000000e+03
7.656399999999999295e+01 2.309000000000000000e+03
7.626900000000000546e+01 2.309000000000000000e+03
7.595000000000000284e+01 2.303000000000000000e+03
7.562999999999999545e+01 2.296000000000000000e+03
7.527299999999999613e+01 2.282000000000000000e+03
7.494100000000000250e+01 2.260000000000000000e+03
7.463299999999999557e+01 2.234000000000000000e+03
7.430100000000000193e+01 2.190000000000000000e+03
7.400600000000000023e+01 2.187000000000000000e+03
7.368699999999999761e+01 2.146000000000000000e+03
7.336700000000000443e+01 2.120000000000000000e+03
7.306000000000000227e+01 2.103000000000000000e+03
7.279000000000000625e+01 2.094000000000000000e+03
7.246999999999999886e+01 2.064000000000000000e+03
7.220000000000000284e+01 2.064000000000000000e+03
7.187999999999999545e+01 2.040000000000000000e+03
7.152299999999999613e+01 2.003000000000000000e+03
7.119100000000000250e+01 1.988000000000000000e+03
7.085899999999999466e+01 1.962000000000000000e+03
7.055200000000000671e+01 1.943000000000000000e+03
7.028199999999999648e+01 1.939000000000000000e+03
6.999899999999999523e+01 1.925000000000000000e+03
6.970399999999999352e+01 1.916000000000000000e+03
6.940999999999999659e+01 1.908000000000000000e+03
6.909000000000000341e+01 1.889000000000000000e+03
6.875799999999999557e+01 1.886000000000000000e+03
6.843800000000000239e+01 1.874000000000000000e+03
6.813100000000000023e+01 1.865000000000000000e+03
6.781100000000000705e+01 1.855000000000000000e+03
6.750400000000000489e+01 1.850000000000000000e+03
6.718399999999999750e+01 1.842000000000000000e+03
6.687699999999999534e+01 1.837000000000000000e+03
6.655700000000000216e+01 1.826000000000000000e+03
6.623699999999999477e+01 1.814000000000000000e+03
6.593000000000000682e+01 1.801000000000000000e+03
6.559799999999999898e+01 1.792000000000000000e+03
6.531600000000000250e+01 1.789000000000000000e+03
6.500799999999999557e+01 1.777000000000000000e+03
6.467600000000000193e+01 1.766000000000000000e+03
6.438100000000000023e+01 1.764000000000000000e+03
6.407399999999999807e+01 1.760000000000000000e+03
6.375399999999999778e+01 1.752000000000000000e+03
6.342199999999999704e+01 1.745000000000000000e+03
6.311500000000000199e+01 1.740000000000000000e+03
6.275800000000000267e+01 1.728000000000000000e+03
6.246300000000000097e+01 1.716000000000000000e+03
6.211899999999999977e+01 1.704000000000000000e+03
6.178600000000000136e+01 1.695000000000000000e+03
6.146699999999999875e+01 1.681000000000000000e+03
6.115999999999999659e+01 1.667000000000000000e+03
6.085199999999999676e+01 1.661000000000000000e+03
6.053300000000000125e+01 1.654000000000000000e+03
6.025000000000000000e+01 1.647000000000000000e+03
5.996800000000000352e+01 1.644000000000000000e+03
5.967300000000000182e+01 1.639000000000000000e+03
5.937800000000000011e+01 1.637000000000000000e+03
5.908299999999999841e+01 1.632000000000000000e+03
5.878799999999999670e+01 1.630000000000000000e+03
5.843099999999999739e+01 1.629000000000000000e+03
5.814900000000000091e+01 1.627000000000000000e+03
5.785399999999999920e+01 1.624000000000000000e+03
5.757200000000000273e+01 1.620000000000000000e+03
5.727700000000000102e+01 1.618000000000000000e+03
5.700699999999999790e+01 1.614000000000000000e+03
5.671200000000000330e+01 1.611000000000000000e+03
5.642999999999999972e+01 1.609000000000000000e+03
5.615999999999999659e+01 1.606000000000000000e+03
5.586500000000000199e+01 1.602000000000000000e+03
5.555700000000000216e+01 1.599599999999999909e+03
5.528699999999999903e+01 1.597500000000000000e+03
5.491799999999999926e+01 1.593500000000000000e+03
5.459799999999999898e+01 1.592299999999999955e+03
5.424099999999999966e+01 1.590400000000000091e+03
5.388400000000000034e+01 1.587400000000000091e+03
5.351500000000000057e+01 1.585000000000000000e+03
5.315800000000000125e+01 1.581900000000000091e+03
5.281300000000000239e+01 1.580700000000000045e+03
5.248100000000000165e+01 1.579799999999999955e+03
5.216199999999999903e+01 1.575799999999999955e+03
5.182900000000000063e+01 1.575500000000000000e+03
5.152199999999999847e+01 1.572799999999999955e+03
5.125200000000000244e+01 1.572799999999999955e+03
5.093200000000000216e+01 1.572799999999999955e+03
5.062500000000000000e+01 1.571900000000000091e+03
5.029299999999999926e+01 1.569700000000000045e+03
4.998599999999999710e+01 1.569700000000000045e+03
4.965400000000000347e+01 1.566700000000000045e+03
4.929699999999999704e+01 1.563599999999999909e+03
4.898899999999999721e+01 1.563599999999999909e+03
4.865699999999999648e+01 1.563599999999999909e+03
4.831300000000000239e+01 1.563599999999999909e+03
4.798100000000000165e+01 1.562700000000000045e+03
4.767300000000000182e+01 1.560599999999999909e+03
4.737800000000000011e+01 1.557500000000000000e+03
4.705899999999999750e+01 1.554500000000000000e+03
4.677600000000000335e+01 1.554500000000000000e+03
4.650600000000000023e+01 1.553900000000000091e+03
4.614900000000000091e+01 1.553000000000000000e+03
4.586699999999999733e+01 1.548400000000000091e+03
4.554699999999999704e+01 1.548400000000000091e+03
4.522800000000000153e+01 1.548400000000000091e+03
4.490800000000000125e+01 1.548400000000000091e+03
4.460099999999999909e+01 1.548099999999999909e+03
4.429299999999999926e+01 1.545299999999999955e+03
4.396099999999999852e+01 1.545299999999999955e+03
4.366599999999999682e+01 1.544700000000000045e+03
4.337100000000000222e+01 1.544099999999999909e+03
4.305199999999999960e+01 1.542299999999999955e+03
4.274499999999999744e+01 1.539799999999999955e+03
4.243699999999999761e+01 1.539799999999999955e+03
4.213000000000000256e+01 1.539799999999999955e+03
4.185999999999999943e+01 1.539799999999999955e+03
4.155299999999999727e+01 1.536200000000000045e+03
4.124499999999999744e+01 1.536200000000000045e+03
4.093800000000000239e+01 1.536200000000000045e+03
4.063100000000000023e+01 1.535900000000000091e+03
4.033599999999999852e+01 1.533400000000000091e+03
3.999099999999999966e+01 1.533400000000000091e+03
3.965899999999999892e+01 1.532799999999999955e+03
3.938900000000000290e+01 1.531900000000000091e+03
3.904500000000000171e+01 1.527700000000000045e+03
3.870000000000000284e+01 1.527700000000000045e+03
3.836800000000000210e+01 1.527700000000000045e+03
3.808599999999999852e+01 1.526700000000000045e+03
3.779099999999999682e+01 1.526700000000000045e+03
3.745900000000000318e+01 1.521000000000000000e+03
3.713900000000000290e+01 1.521000000000000000e+03
3.680700000000000216e+01 1.521000000000000000e+03
3.643699999999999761e+01 1.517900000000000091e+03
3.609300000000000352e+01 1.517900000000000091e+03
3.574799999999999756e+01 1.517599999999999909e+03
3.546600000000000108e+01 1.514900000000000091e+03
3.513400000000000034e+01 1.514900000000000091e+03
3.482699999999999818e+01 1.511799999999999955e+03
3.450699999999999790e+01 1.511799999999999955e+03
3.416199999999999903e+01 1.511799999999999955e+03
3.382999999999999829e+01 1.508799999999999955e+03
3.344800000000000040e+01 1.508799999999999955e+03
3.310399999999999920e+01 1.505700000000000045e+03
3.280899999999999750e+01 1.505700000000000045e+03
3.251400000000000290e+01 1.505700000000000045e+03
3.221900000000000119e+01 1.502700000000000045e+03
3.185000000000000142e+01 1.502700000000000045e+03
3.151800000000000068e+01 1.502700000000000045e+03
3.119800000000000040e+01 1.502700000000000045e+03
3.086599999999999966e+01 1.502700000000000045e+03
3.054599999999999937e+01 1.499599999999999909e+03
3.021399999999999864e+01 1.499599999999999909e+03
2.989399999999999835e+01 1.499000000000000000e+03
2.956200000000000117e+01 1.498700000000000045e+03
2.925499999999999901e+01 1.498099999999999909e+03
2.892299999999999827e+01 1.494700000000000045e+03
2.855300000000000082e+01 1.494700000000000045e+03
2.823400000000000176e+01 1.493500000000000000e+03
2.791400000000000148e+01 1.490500000000000000e+03
2.755699999999999861e+01 1.490500000000000000e+03
2.722500000000000142e+01 1.490500000000000000e+03
2.691799999999999926e+01 1.490500000000000000e+03
2.662300000000000111e+01 1.487400000000000091e+03
2.627799999999999869e+01 1.487400000000000091e+03
2.597100000000000009e+01 1.487400000000000091e+03
2.565099999999999980e+01 1.487400000000000091e+03
2.534400000000000119e+01 1.484400000000000091e+03
2.502400000000000091e+01 1.484400000000000091e+03
2.471699999999999875e+01 1.484400000000000091e+03
2.443400000000000105e+01 1.484400000000000091e+03
2.408999999999999986e+01 1.481299999999999955e+03
2.378300000000000125e+01 1.481299999999999955e+03
2.350000000000000000e+01 1.481299999999999955e+03
2.320499999999999829e+01 1.478900000000000091e+03
2.286100000000000065e+01 1.478900000000000091e+03
2.254100000000000037e+01 1.478900000000000091e+03
2.224599999999999866e+01 1.478900000000000091e+03
2.195100000000000051e+01 1.478900000000000091e+03
2.168100000000000094e+01 1.478900000000000091e+03
2.134900000000000020e+01 1.478900000000000091e+03
2.103000000000000114e+01 1.478900000000000091e+03
2.069699999999999918e+01 1.478900000000000091e+03
2.041499999999999915e+01 1.478900000000000091e+03
2.007100000000000151e+01 1.473700000000000045e+03
1.972599999999999909e+01 1.473700000000000045e+03
1.940599999999999881e+01 1.473700000000000045e+03
1.909900000000000020e+01 1.472799999999999955e+03
1.874200000000000088e+01 1.472200000000000045e+03
1.841000000000000014e+01 1.472200000000000045e+03
1.807799999999999940e+01 1.472200000000000045e+03
1.772100000000000009e+01 1.472200000000000045e+03
1.742599999999999838e+01 1.471000000000000000e+03
1.713100000000000023e+01 1.470400000000000091e+03
1.684900000000000020e+01 1.469099999999999909e+03
1.651699999999999946e+01 1.468799999999999955e+03
1.620899999999999963e+01 1.467599999999999909e+03
1.590199999999999925e+01 1.467599999999999909e+03
1.555700000000000038e+01 1.467299999999999955e+03
1.522499999999999964e+01 1.466700000000000045e+03
1.492999999999999972e+01 1.465799999999999955e+03
1.459800000000000075e+01 1.465799999999999955e+03
1.427899999999999991e+01 1.465799999999999955e+03
1.395899999999999963e+01 1.464900000000000091e+03
1.363899999999999935e+01 1.464599999999999909e+03
1.335699999999999932e+01 1.463599999999999909e+03
1.303700000000000081e+01 1.463000000000000000e+03
1.273000000000000043e+01 1.463000000000000000e+03
1.244699999999999918e+01 1.462400000000000091e+03
1.212800000000000011e+01 1.462400000000000091e+03
1.180799999999999983e+01 1.462400000000000091e+03
1.151299999999999990e+01 1.462099999999999909e+03
1.120599999999999952e+01 1.462099999999999909e+03
1.089899999999999913e+01 1.462099999999999909e+03
1.056600000000000072e+01 1.461500000000000000e+03
1.024699999999999989e+01 1.460000000000000000e+03
9.964299999999999713e+00 1.460000000000000000e+03
9.632199999999999207e+00 1.459400000000000091e+03
9.300100000000000477e+00 1.458500000000000000e+03
8.980399999999999494e+00 1.456900000000000091e+03
8.673099999999999810e+00 1.456900000000000091e+03
8.340999999999999304e+00 1.456900000000000091e+03
8.046099999999999142e+00 1.456900000000000091e+03
7.738800000000000345e+00 1.455400000000000091e+03
7.443999999999999950e+00 1.455400000000000091e+03
7.136700000000000266e+00 1.455400000000000091e+03
6.817000000000000171e+00 1.454500000000000000e+03
6.509800000000000253e+00 1.454500000000000000e+03
6.190000000000000391e+00 1.453900000000000091e+03
5.857899999999999885e+00 1.453599999999999909e+03
5.550600000000000200e+00 1.453599999999999909e+03
5.230900000000000105e+00 1.452700000000000045e+03
4.948500000000000121e+00 1.452700000000000045e+03
4.653699999999999726e+00 1.452400000000000091e+03
4.333999999999999631e+00 1.452400000000000091e+03
4.014300000000000423e+00 1.452400000000000091e+03
3.694599999999999884e+00 1.451500000000000000e+03
3.362400000000000055e+00 1.451500000000000000e+03
3.055200000000000138e+00 1.451500000000000000e+03
2.747900000000000009e+00 1.450799999999999955e+03
2.428199999999999914e+00 1.450799999999999955e+03
2.158199999999999896e+00 1.450799999999999955e+03
1.875799999999999912e+00 1.450799999999999955e+03
1.556100000000000039e+00 1.449599999999999909e+03
1.223999999999999977e+00 1.449299999999999955e+03
9.166800000000000503e-01 1.449299999999999955e+03
5.721199999999999619e-01 1.449299999999999955e+03
2.399900000000000089e-01 1.449299999999999955e+03
