0.000000000000000000e+00 5.011963999999999828e+02
1.679121000000000095e+02 4.991786000000000172e+02
5.164632000000000289e+02 4.971281000000000176e+02
7.082864999999999327e+02 4.951714999999999804e+02
9.637496999999999616e+02 4.929490999999999872e+02
1.242484199999999873e+03 4.910985999999999763e+02
1.563130799999999908e+03 4.890147000000000048e+02
1.724226300000000037e+03 4.870690000000000168e+02
1.966961700000000064e+03 4.851890999999999963e+02
2.301880500000000211e+03 4.831714000000000055e+02
2.578431599999999889e+03 4.811779999999999973e+02
2.897534700000000157e+03 4.791850999999999772e+02
3.114813599999999951e+03 4.768860000000000241e+02
3.338909099999999853e+03 4.750894000000000119e+02
3.496276799999999639e+03 4.730448999999999842e+02
3.731555699999999888e+03 4.709578999999999951e+02
4.026106799999999566e+03 4.691508000000000038e+02
4.589754299999999603e+03 4.662230000000000132e+02
4.669209899999999834e+03 4.644657000000000266e+02
5.091039899999999761e+03 4.631118000000000166e+02
5.300863199999999779e+03 4.607828999999999837e+02
5.635782899999999245e+03 4.590993000000000279e+02
5.928789600000000064e+03 4.571575000000000273e+02
6.251885100000000421e+03 4.550593999999999824e+02
6.544252799999999297e+03 4.531852999999999838e+02
6.891259500000000116e+03 4.511213999999999942e+02
7.216539300000000367e+03 4.491447999999999752e+02
7.431634799999999814e+03 4.470727999999999724e+02
7.750097099999999955e+03 4.451893999999999778e+02
7.918649100000000544e+03 4.431834000000000060e+02
8.201111399999999776e+03 4.407952999999999975e+02
8.412479100000000471e+03 4.391684000000000196e+02
8.723486699999999473e+03 4.371564000000000192e+02
9.089772300000000541e+03 4.350613000000000170e+02
9.486147600000000239e+03 4.330484999999999900e+02
9.740331000000000131e+03 4.307961999999999989e+02
1.002124979999999960e+04 4.291673999999999864e+02
1.027080090000000018e+04 4.270518000000000143e+02
1.056535290000000168e+04 4.251866999999999734e+02
1.074444840000000113e+04 4.231906000000000176e+02
1.111755060000000049e+04 4.211284999999999741e+02
1.148910930000000008e+04 4.188987000000000194e+02
1.174457250000000022e+04 4.168122999999999934e+02
1.211021910000000025e+04 4.151114999999999782e+02
1.244141009999999915e+04 4.131695000000000277e+02
1.272914459999999963e+04 4.108480000000000132e+02
1.304760780000000159e+04 4.089759999999999991e+02
1.336170330000000104e+04 4.071780999999999722e+02
1.379253420000000006e+04 4.051913999999999874e+02
1.405326870000000054e+04 4.031757999999999811e+02
1.431773189999999886e+04 4.011668999999999983e+02
1.461819509999999900e+04 3.989486999999999739e+02
1.503192960000000130e+04 3.971857999999999720e+02
1.547639280000000144e+04 3.949200999999999908e+02
1.574831160000000091e+04 3.931539000000000215e+02
1.605841469999999936e+04 3.911352999999999724e+02
1.635296579999999994e+04 3.884855999999999767e+02
1.669097249999999985e+04 3.871653000000000020e+02
1.712244239999999991e+04 3.850036000000000058e+02
1.737508229999999821e+04 3.831609000000000265e+02
1.773108989999999903e+04 3.806689000000000078e+02
1.802564099999999962e+04 3.789950000000000045e+02
1.839874319999999716e+04 3.771385999999999967e+02
1.867966200000000026e+04 3.748802999999999770e+02
1.897485299999999916e+04 3.730101000000000226e+02
1.918467630000000281e+04 3.711616999999999962e+02
1.953605159999999887e+04 3.689859000000000151e+02
1.999324259999999776e+04 3.669581000000000017e+02
2.031324929999999949e+04 3.651265000000000214e+02
2.086944030000000203e+04 3.631111000000000217e+02
2.133318239999999787e+04 3.609728000000000065e+02
2.188692450000000099e+04 3.586125000000000114e+02
2.208620430000000124e+04 3.570323999999999955e+02
2.227211549999999988e+04 3.546275999999999726e+02
2.250739440000000104e+04 3.531727999999999952e+02
2.294131320000000051e+04 3.511571999999999889e+02
2.347923960000000079e+04 3.491492999999999824e+02
2.406216600000000108e+04 3.466752999999999929e+02
2.425026059999999779e+04 3.451526999999999816e+02
2.495018699999999808e+04 3.431198999999999728e+02
2.534347350000000006e+04 3.410982999999999947e+02
2.580503220000000147e+04 3.391659999999999968e+02
2.640377430000000095e+04 3.370794000000000210e+02
2.688269310000000041e+04 3.348632999999999811e+02
2.734733970000000045e+04 3.330923000000000229e+02
2.792216969999999856e+04 3.311736999999999966e+02
2.843772839999999997e+04 3.291014999999999873e+02
2.918419830000000002e+04 3.271825000000000045e+02
2.955884580000000278e+04 3.251954000000000065e+02
3.016440359999999782e+04 3.231834000000000060e+02
3.081560220000000118e+04 3.211145999999999958e+02
3.165681420000000071e+04 3.191365999999999872e+02
3.212737289999999848e+04 3.171537000000000148e+02
3.334168800000000192e+04 3.149141999999999939e+02
3.408661349999999948e+04 3.129977000000000089e+02
3.442153229999999894e+04 3.111879000000000133e+02
3.527946540000000095e+04 3.090907000000000266e+02
3.602785409999999683e+04 3.071838999999999942e+02
3.715424370000000636e+04 3.051435000000000173e+02
3.797798580000000220e+04 3.031727999999999952e+02
3.893401440000000002e+04 3.011847999999999956e+02
3.973730760000000009e+04 2.991558999999999742e+02
4.061851290000000154e+04 2.971193999999999846e+02
4.183746030000000610e+04 2.950735999999999990e+02
4.286767229999999836e+04 2.931619999999999777e+02
4.364705430000000342e+04 2.911594000000000051e+02
4.489609049999999843e+04 2.887794000000000096e+02
4.574129580000000715e+04 2.871757999999999811e+02
4.671314009999999689e+04 2.851723999999999819e+02
4.829208750000000146e+04 2.829660999999999831e+02
4.948147619999999733e+04 2.811105000000000018e+02
5.005630709999999817e+04 2.791225000000000023e+02
5.093133569999999600e+04 2.771822999999999979e+02
5.227590869999999995e+04 2.751834000000000060e+02
5.379494400000000314e+04 2.731793999999999869e+02
5.434895160000000033e+04 2.711666999999999916e+02
5.538624480000000040e+04 2.691755999999999744e+02
5.598807569999999396e+04 2.671920999999999822e+02
5.710391999999999825e+04 2.651868999999999801e+02
5.898295620000000054e+04 2.631566000000000258e+02
5.969252160000000003e+04 2.611913000000000125e+02
6.071117489999999816e+04 2.591963000000000079e+02
6.242011560000000463e+04 2.571850000000000023e+02
6.425569529999999941e+04 2.551470999999999947e+02
6.475479839999999967e+04 2.531899999999999977e+02
6.620337810000000172e+04 2.511715000000000089e+02
6.717484799999999814e+04 2.490000000000000000e+02
6.868179540000000270e+04 2.471899999999999977e+02
7.011237510000000475e+04 2.451776999999999873e+02
7.199423459999999614e+04 2.431809000000000083e+02
7.293934440000000177e+04 2.411951999999999998e+02
7.488047520000000077e+04 2.391444999999999936e+02
7.647561359999999695e+04 2.371870000000000118e+02
7.818711209999999846e+04 2.351870000000000118e+02
7.977814830000000075e+04 2.331850000000000023e+02
8.199902880000000005e+04 2.311887000000000114e+02
8.326260090000000491e+04 2.291899999999999977e+02
8.531636490000000049e+04 2.271916999999999973e+02
8.757340020000000368e+04 2.251083000000000141e+02
8.971471529999999620e+04 2.231899999999999977e+02
9.258849360000000161e+04 2.211905999999999892e+02
9.427634549999999581e+04 2.191939999999999884e+02
9.684977040000000852e+04 2.171794999999999902e+02
9.926390880000000470e+04 2.151742999999999881e+02
1.013567607000000135e+05 2.131899999999999977e+02
1.042548245999999926e+05 2.111957999999999913e+02
1.066364262000000017e+05 2.091596999999999866e+02
1.099997765999999974e+05 2.071861000000000104e+02
1.122223562999999995e+05 2.051924999999999955e+02
1.146184947000000102e+05 2.031879000000000133e+02
1.171947428999999975e+05 2.011853000000000122e+02
1.205008956000000035e+05 1.991963000000000079e+02
1.234132317000000039e+05 1.971899999999999977e+02
1.260378332999999984e+05 1.951929000000000087e+02
1.284721551000000036e+05 1.931820999999999913e+02
1.308090212999999931e+05 1.911901000000000010e+02
1.327585131000000110e+05 1.891957999999999913e+02
