1.799999999999999933e-01 0.000000000000000000e+00 0.000000000000000000e+00
2.249999999999999917e-02 0.000000000000000000e+00 0.000000000000000000e+00
2.249999999999999917e-02 0.000000000000000000e+00 0.000000000000000000e+00
4.499999999999999833e-02 0.000000000000000000e+00 0.000000000000000000e+00
2.249999999999999917e-02 0.000000000000000000e+00 0.000000000000000000e+00
2.249999999999999917e-02 0.000000000000000000e+00 0.000000000000000000e+00
2.249999999999999917e-02 0.000000000000000000e+00 0.000000000000000000e+00
2.249999999999999917e-02 0.000000000000000000e+00 0.000000000000000000e+00
4.499999999999999833e-02 0.000000000000000000e+00 0.000000000000000000e+00
4.274999999999999911e-01 0.000000000000000000e+00 0.000000000000000000e+00
2.249999999999999917e-02 0.000000000000000000e+00 0.000000000000000000e+00
0.000000000000000000e+00 0.000000000000000000e+00 0.000000000000000000e+00
1.125000000000000028e-01 3.544333567149377529e-01 1.063300070144813203e+00
4.499999999999999833e-02 4.898064024986051868e-01 1.469419207495815449e+00
2.249999999999999917e-02 5.844287072197824617e-01 1.753286121659347385e+00
2.249999999999999917e-02 5.910190697782382596e-01 1.773057209334714779e+00
2.249999999999999917e-02 5.197788734343566919e-01 1.559336620303070076e+00
8.999999999999999667e-02 3.775231154597792349e-01 1.132569346379337816e+00
4.499999999999999833e-02 4.975833215619084871e-01 1.492749964685725406e+00
2.249999999999999917e-02 5.362828796997072267e-01 1.608848639099121680e+00
2.249999999999999917e-02 5.676071200465525601e-01 1.702821360139657791e+00
2.249999999999999917e-02 5.133465027303365513e-01 1.540039508191009654e+00
0.000000000000000000e+00 0.000000000000000000e+00 0.000000000000000000e+00
2.249999999999999917e-02 5.160514358964501946e-01 1.548154307689350695e+00
2.249999999999999917e-02 5.837594328569321034e-01 1.751278298570796199e+00
2.249999999999999917e-02 5.306196429645816393e-01 1.591858928893744807e+00
1.777500000000000080e+00 1.009062774180285726e-01 3.027188322540856902e-01
2.249999999999999917e-02 5.659878682687671247e-01 1.697963604806301374e+00
2.249999999999999917e-02 5.175454327450779157e-01 1.552636298235233747e+00
4.499999999999999833e-02 4.924873072617669822e-01 1.477461921785300891e+00
8.325000000000000178e-01 1.410665410051398505e-01 4.231996230154195793e-01
2.249999999999999917e-02 5.568964806070986207e-01 1.670689441821295862e+00
9.247500000000000497e+00 4.619052718486173909e-02 1.385715815545852103e-01
1.799999999999999933e-01 2.644543938565475094e-01 7.933631815696424727e-01
2.249999999999999917e-02 5.744011392098132829e-01 1.723203417629439738e+00
4.499999999999999833e-02 4.877914541950903460e-01 1.463374362585271093e+00
2.249999999999999917e-02 4.845419211044274532e-01 1.453625763313282304e+00
2.249999999999999917e-02 5.795994093503084033e-01 1.738798228050925321e+00
2.249999999999999917e-02 5.630279343085197175e-01 1.689083802925559041e+00
2.250000000000000056e-01 2.421477677091469771e-01 7.264433031274408759e-01
2.249999999999999917e-02 5.506156923729179642e-01 1.651847077118753893e+00
4.499999999999999833e-02 4.535389744771906595e-01 1.360616923431571923e+00
2.249999999999999917e-02 6.306898460915927318e-01 1.892069538274778306e+00
6.750000000000000444e-02 4.632811970798340617e-01 1.389843591239502185e+00
2.249999999999999917e-02 5.515974629785159733e-01 1.654792388935547809e+00
2.249999999999999917e-02 4.902221920483071926e-01 1.470666576144921578e+00
2.677500000000000213e+00 7.615048538165945791e-02 2.284514561449783598e-01
8.999999999999999667e-02 3.817184719940147630e-01 1.145155415982044289e+00
2.249999999999999917e-02 5.761006738316221121e-01 1.728302021494866336e+00
2.249999999999999917e-02 5.306454458833003152e-01 1.591936337649900945e+00
2.249999999999999917e-02 4.930096062257086076e-01 1.479028818677125878e+00
6.750000000000000444e-02 4.584425243634124292e-01 1.375327573090237232e+00
2.249999999999999917e-02 5.661554848205002655e-01 1.698466454461500685e+00
2.646000000000000085e+01 2.416732556737000506e-02 7.250197670211001866e-02
2.249999999999999917e-02 5.829974913102463629e-01 1.748992473930738978e+00
2.249999999999999917e-02 5.569626586037916827e-01 1.670887975811375048e+00
2.249999999999999917e-02 5.910188866915697670e-01 1.773056660074709301e+00
4.499999999999999833e-02 4.893355846245021623e-01 1.468006753873506431e+00
4.499999999999999833e-02 4.897268320172180056e-01 1.469180496051654128e+00
2.249999999999999917e-02 5.655272171484644339e-01 1.696581651445393302e+00
2.249999999999999917e-02 6.113525526664013166e-01 1.834057657999204061e+00
6.750000000000000444e-02 4.434366938416673953e-01 1.330310081525002186e+00
2.249999999999999917e-02 5.298473246564190386e-01 1.589541973969257116e+00
2.249999999999999917e-02 5.172844070158302276e-01 1.551853221047490683e+00
6.750000000000000444e-02 4.195240105879056158e-01 1.258572031763716792e+00
2.249999999999999917e-02 5.336639260582738409e-01 1.600991778174821523e+00
4.274999999999999911e-01 2.005191590419296288e-01 6.015574771257888864e-01
2.249999999999999917e-02 6.226716025307668101e-01 1.868014807592300430e+00
4.499999999999999833e-02 4.851583191692308006e-01 1.455474957507692402e+00
2.249999999999999917e-02 6.079583301568781684e-01 1.823874990470634394e+00
4.499999999999999833e-02 4.505914987541024264e-01 1.351774496262307279e+00
1.799999999999999933e-01 3.076082723067175562e-01 9.228248169201527240e-01
5.285249999999999915e+01 1.740729885971345481e-02 5.222189657914036442e-02
6.750000000000000444e-02 4.682415543611744280e-01 1.404724663083523284e+00
2.249999999999999917e-02 5.615865902988623759e-01 1.684759770896587128e+00
4.499999999999999833e-02 4.952682311032624574e-01 1.485804693309787261e+00
2.249999999999999917e-02 5.435800145833329378e-01 1.630740043749998813e+00
2.249999999999999917e-02 5.471138173442464669e-01 1.641341452032739401e+00
1.125000000000000028e-01 3.512873031051377826e-01 1.053861909315413348e+00
2.249999999999999917e-02 5.938835654985855639e-01 1.781650696495756581e+00
2.249999999999999917e-02 5.991694451926087295e-01 1.797508335577826077e+00
9.899999999999999911e-01 1.183466659206811739e-01 3.550399977620435354e-01
2.249999999999999917e-02 5.373443588900923551e-01 1.612033076670277065e+00
6.750000000000000444e-02 4.107770321212670939e-01 1.232331096363801226e+00
2.249999999999999917e-02 6.544349126219906054e-01 1.963304737865971816e+00
2.249999999999999917e-02 5.501858468373725941e-01 1.650557540512117782e+00
2.249999999999999917e-02 5.901675879910978084e-01 1.770502763973293536e+00
2.249999999999999917e-02 5.092108029933261060e-01 1.527632408979978429e+00
2.249999999999999917e-02 5.979219871336516334e-01 1.793765961400954900e+00
4.499999999999999833e-02 4.876624962979845823e-01 1.462987488893953802e+00
2.249999999999999917e-02 5.970351215034574999e-01 1.791105364510372500e+00
2.249999999999999917e-02 4.728709472112139767e-01 1.418612841633641874e+00
2.249999999999999917e-02 4.724297451752990651e-01 1.417289235525897251e+00
6.750000000000000444e-02 4.343892093786730357e-01 1.303167628136019163e+00
4.499999999999999833e-02 4.778733976802991834e-01 1.433620193040897606e+00
2.249999999999999917e-02 5.881598101858754868e-01 1.764479430557626571e+00
2.249999999999999917e-02 5.336360392394154939e-01 1.600908117718246482e+00
2.249999999999999917e-02 4.282519447177484673e-01 1.284755834153245457e+00
6.750000000000000444e-02 5.075439348032928510e-01 1.522631804409878553e+00
4.499999999999999833e-02 4.861522831878752893e-01 1.458456849563625868e+00
2.249999999999999917e-02 5.246331252397472555e-01 1.573899375719241878e+00
2.249999999999999917e-02 4.622646670532988833e-01 1.386794001159896705e+00
2.249999999999999917e-02 5.751412596774099217e-01 1.725423779032229765e+00
4.499999999999999833e-02 5.191419493015705378e-01 1.557425847904711613e+00
4.499999999999999833e-02 4.606422147479251605e-01 1.381926644243775426e+00
4.499999999999999833e-02 4.994755453694192937e-01 1.498426636108257881e+00
8.999999999999999667e-02 5.040644558227306282e-01 1.512193367468191774e+00
2.249999999999999917e-02 5.369858422689444133e-01 1.610957526806833240e+00
4.499999999999999833e-02 3.829905526827909745e-01 1.148971658048372868e+00
1.125000000000000028e-01 3.550869023713776329e-01 1.065260707114132899e+00
2.249999999999999917e-02 5.272177023237170079e-01 1.581653106971151024e+00
0.000000000000000000e+00 0.000000000000000000e+00 0.000000000000000000e+00
4.499999999999999833e-02 5.246684663040390717e-01 1.574005398912117215e+00
2.249999999999999917e-02 5.699230631677735248e-01 1.709769189503320685e+00
4.529249999999999687e+01 1.866034603059385164e-02 5.598103809178155144e-02
7.425000000000000488e-01 1.346718856312893731e-01 4.040156568938680914e-01
8.999999999999999667e-02 3.874208788455781316e-01 1.162262636536734339e+00
2.249999999999999917e-02 6.914326903094916155e-01 2.074298070928474846e+00
2.249999999999999917e-02 5.629446789565165643e-01 1.688834036869549582e+00
2.249999999999999917e-02 3.275745152991165199e-01 9.827235458973495597e-01
2.249999999999999917e-02 5.854757655274508421e-01 1.756427296582352415e+00
2.249999999999999917e-02 5.112499554329874574e-01 1.533749866298962372e+00
0.000000000000000000e+00 0.000000000000000000e+00 0.000000000000000000e+00
8.999999999999999667e-02 3.733338855733415174e-01 1.120001656720024608e+00
6.075000000000000400e-01 1.694527692112071382e-01 5.083583076336214424e-01
4.499999999999999833e-02 4.801917861113511043e-01 1.440575358334053258e+00
6.750000000000000444e-02 4.039985423957728194e-01 1.211995627187318458e+00
6.750000000000000444e-02 4.258856305143860488e-01 1.277656891543158091e+00
2.249999999999999917e-02 5.821971666387331101e-01 1.746591499916199330e+00
2.249999999999999917e-02 4.890448992347011248e-01 1.467134697704103319e+00
2.249999999999999917e-02 5.827663128672614379e-01 1.748298938601784425e+00
2.249999999999999917e-02 6.037024390317854428e-01 1.811107317095356439e+00
2.249999999999999917e-02 5.897998530734399614e-01 1.769399559220319773e+00
2.249999999999999917e-02 6.049812726063675816e-01 1.814943817819102634e+00
6.750000000000000444e-02 4.174799731032346473e-01 1.252439919309703997e+00
4.500000000000000111e-01 2.024599970564548712e-01 6.073799911693645859e-01
4.499999999999999833e-02 5.021970829013766568e-01 1.506591248704129971e+00
2.249999999999999917e-02 5.121844941648674432e-01 1.536553482494602330e+00
2.025000000000000133e-01 3.045452867852855849e-01 9.136358603558567548e-01
3.150000000000000022e-01 2.268160383789151469e-01 6.804481151367454128e-01
2.249999999999999917e-02 5.684490866516475061e-01 1.705347259954942629e+00
2.249999999999999917e-02 6.429475186540654086e-01 1.928842555962196226e+00
2.457000000000000028e+01 2.736592953995684377e-02 8.209778861987053478e-02
2.249999999999999917e-02 6.084587323525613156e-01 1.825376197057683836e+00
8.999999999999999667e-02 4.254804348605356612e-01 1.276441304581606984e+00
2.249999999999999917e-02 5.392334068656516877e-01 1.617700220596955063e+00
2.249999999999999917e-02 5.853830436103181212e-01 1.756149130830954253e+00
2.249999999999999917e-02 5.798600477280249077e-01 1.739580143184074723e+00
2.249999999999999917e-02 5.392769826668374344e-01 1.617830948000512414e+00
2.249999999999999917e-02 6.135639449298436743e-01 1.840691834789530912e+00
2.474999999999999978e-01 2.379668740395670945e-01 7.139006221187013113e-01
2.249999999999999917e-02 6.085339150786126527e-01 1.825601745235837958e+00
1.125000000000000028e-01 4.029477602836539218e-01 1.208843280850961710e+00
2.249999999999999917e-02 5.428790147271876920e-01 1.628637044181563187e+00
6.750000000000000444e-02 4.216016072748260402e-01 1.264804821824478065e+00
2.249999999999999917e-02 6.152103360329361781e-01 1.845631008098808534e+00
4.499999999999999833e-02 4.870796575412591478e-01 1.461238972623777332e+00
2.249999999999999917e-02 5.457772394982611797e-01 1.637331718494783539e+00
6.750000000000000444e-02 4.411762524993214085e-01 1.323528757497964170e+00
4.274999999999999911e-01 1.613847601368665063e-01 4.841542804105994913e-01
2.249999999999999917e-02 6.669119776074907691e-01 2.000735932822472307e+00
3.150000000000000022e-01 2.235247601520405636e-01 6.705742804561216630e-01
2.249999999999999917e-02 5.761029366908029248e-01 1.728308810072408885e+00
2.249999999999999917e-02 5.746237098183265557e-01 1.723871129454979556e+00
6.750000000000000444e-02 4.031541890835268482e-01 1.209462567250580545e+00
1.575000000000000011e-01 2.971532322972726958e-01 8.914596968918180320e-01
2.249999999999999917e-02 5.352457603168813138e-01 1.605737280950644053e+00
9.224999999999999645e+00 4.593970210731650183e-02 1.378191063219494916e-01
2.249999999999999917e-02 5.059430055566974671e-01 1.517829016670092290e+00
2.700000000000000178e-01 2.575447900844137217e-01 7.726343702532412205e-01
2.249999999999999917e-02 5.640412843466642290e-01 1.692123853039992687e+00
2.249999999999999917e-02 6.708661258183417075e-01 2.012598377455025123e+00
2.249999999999999917e-02 5.953845034255547120e-01 1.786153510276664136e+00
1.575000000000000011e-01 3.288372656354594525e-01 9.865117969063783576e-01
2.249999999999999917e-02 6.167635214035663838e-01 1.850290564210699262e+00
1.799999999999999933e-01 2.873460422581272655e-01 8.620381267743817411e-01
2.249999999999999917e-02 5.668995355542231218e-01 1.700698606662669476e+00
4.050000000000000266e-01 2.062599232777916347e-01 6.187797698333749041e-01
2.025000000000000133e-01 2.937803616090086667e-01 8.813410848270260001e-01
2.700000000000000178e-01 2.071483061373459167e-01 6.214449184120377501e-01
2.249999999999999917e-02 6.170998187023636339e-01 1.851299456107090791e+00
2.249999999999999917e-02 6.013529063132427854e-01 1.804058718939728356e+00
2.249999999999999917e-02 6.643288987706952309e-01 1.992986696312085693e+00
2.249999999999999917e-02 6.051121383233184492e-01 1.815336414969955348e+00
1.575000000000000011e-01 3.437889076021141133e-01 1.031366722806342340e+00
2.249999999999999917e-02 5.293515430956241552e-01 1.588054629286872466e+00
2.249999999999999917e-02 6.059123601421786409e-01 1.817737080426535812e+00
2.249999999999999917e-02 6.636486529678448099e-01 1.990945958903534319e+00
2.249999999999999917e-02 5.318706244594848531e-01 1.595611873378454559e+00
1.125000000000000028e-01 3.853811294094654505e-01 1.156143388228396240e+00
2.249999999999999917e-02 3.874219445586106758e-01 1.162265833675832027e+00
2.249999999999999917e-02 6.388133365684998122e-01 1.916440009705499437e+00
2.249999999999999917e-02 6.534941507826916851e-01 1.960482452348075055e+00
4.499999999999999833e-02 6.691469549901993830e-01 2.007440864970598149e+00
2.249999999999999917e-02 5.986794671850833582e-01 1.796038401555250186e+00
2.249999999999999917e-02 6.764202368692646683e-01 2.029260710607793783e+00
2.249999999999999917e-02 5.367275238671156412e-01 1.610182571601346924e+00
2.249999999999999917e-02 6.637514389961955974e-01 1.991254316988586792e+00
1.575000000000000011e-01 3.326106948685977338e-01 9.978320846057932014e-01
2.249999999999999917e-02 6.011818409469981139e-01 1.803545522840994231e+00
4.499999999999999833e-02 5.011484103194357997e-01 1.503445230958307288e+00
2.249999999999999917e-02 5.940388384701262847e-01 1.782116515410378854e+00
6.750000000000000444e-02 4.860874346855897921e-01 1.458262304056769487e+00
2.924999999999999822e-01 2.579963593725436710e-01 7.739890781176310686e-01
2.249999999999999917e-02 6.434449301566770307e-01 1.930334790470030981e+00
4.700249999999999773e+01 2.202625532532226371e-02 6.607876597596679114e-02
2.249999999999999917e-02 5.858126939967959190e-01 1.757438081990387868e+00
2.249999999999999917e-02 6.345172034745972800e-01 1.903551610423791729e+00
4.499999999999999833e-02 5.895387397772170468e-01 1.768616219331651251e+00
1.575000000000000011e-01 3.110478675212074440e-01 9.331436025636223874e-01
5.264999999999999680e+00 6.072350188933493820e-02 1.821705056680048007e-01
0.000000000000000000e+00 0.000000000000000000e+00 0.000000000000000000e+00
2.249999999999999917e-02 5.828986172760509676e-01 1.748695851828153014e+00
4.499999999999999833e-02 5.632431166603125705e-01 1.689729349980937823e+00
2.249999999999999917e-02 5.452381611759105073e-01 1.635714483527731522e+00
2.249999999999999917e-02 6.710777070890129314e-01 2.013233121267038683e+00
2.249999999999999917e-02 5.389126092199887363e-01 1.616737827659966209e+00
2.249999999999999917e-02 5.835643784070045914e-01 1.750693135221013774e+00
4.767750000000000199e+01 2.147054629685966887e-02 6.441163889057900660e-02
2.249999999999999917e-02 5.880750390037604580e-01 1.764225117011281263e+00
2.249999999999999917e-02 6.085720363785891429e-01 1.825716109135767429e+00
4.274999999999999911e-01 2.006770141410178232e-01 6.020310424230534974e-01
0.000000000000000000e+00 0.000000000000000000e+00 0.000000000000000000e+00
4.274999999999999911e-01 2.075695326368236227e-01 6.227085979104708402e-01
4.499999999999999833e-02 5.646958286845908948e-01 1.694087486053772684e+00
7.425000000000000488e-01 1.617643870202829237e-01 4.852931610608487434e-01
2.249999999999999917e-02 6.559006668296096798e-01 1.967702000488829039e+00
2.249999999999999917e-02 5.423087203862380079e-01 1.626926161158714024e+00
2.249999999999999917e-02 6.075114857121328704e-01 1.822534457136398611e+00
2.249999999999999917e-02 5.673450898267204945e-01 1.702035269480161483e+00
2.249999999999999917e-02 6.624255158707819113e-01 1.987276547612345734e+00
2.249999999999999917e-02 5.618023428597960223e-01 1.685407028579388067e+00
2.249999999999999917e-02 5.533765164009251114e-01 1.660129549202775223e+00
2.249999999999999917e-02 5.780651484925920514e-01 1.734195445477776154e+00
2.249999999999999917e-02 5.586393038875931971e-01 1.675917911662779591e+00
4.499999999999999833e-02 5.056422138445620940e-01 1.516926641533686393e+00
4.020750000000000313e+01 2.172839299298253563e-02 6.518517897894759994e-02
2.249999999999999917e-02 6.158676917390176753e-01 1.847603075217052915e+00
2.249999999999999917e-02 5.865088114175236456e-01 1.759526434252570937e+00
6.750000000000000444e-02 4.273234485875210820e-01 1.281970345762563301e+00
2.249999999999999917e-02 5.997729610155299040e-01 1.799318883046589601e+00
6.750000000000000444e-02 4.617952198291792598e-01 1.385385659487537779e+00
2.211749999999999972e+01 2.684108445636051651e-02 8.052325336908154607e-02
2.249999999999999917e-02 5.067620974040020210e-01 1.520286292212006174e+00
2.249999999999999917e-02 5.734273627472262769e-01 1.720282088241678942e+00
7.469999999999999751e+00 4.690314356980839622e-02 1.407094307094251817e-01
4.499999999999999833e-02 5.409397598387732931e-01 1.622819279516319879e+00
4.499999999999999833e-02 4.855252680489138828e-01 1.456575804146741593e+00
2.249999999999999917e-02 7.115506067500090293e-01 2.134651820250026866e+00
2.249999999999999917e-02 5.991003635438291175e-01 1.797301090631487241e+00
2.249999999999999917e-02 5.558776489145771382e-01 1.667632946743731415e+00
2.249999999999999917e-02 5.590401812303834594e-01 1.677120543691150267e+00
2.249999999999999917e-02 6.647813857470845633e-01 1.994344157241253690e+00
2.249999999999999917e-02 5.365935256069048753e-01 1.609780576820714515e+00
2.249999999999999917e-02 5.302585180450879454e-01 1.590775554135263725e+00
2.249999999999999917e-02 5.851964432297451779e-01 1.755589329689235534e+00
4.274999999999999911e-01 1.814506336564987166e-01 5.443519009694961497e-01
4.499999999999999833e-02 5.303695413927089763e-01 1.591108624178126929e+00
2.249999999999999917e-02 5.918763644637005106e-01 1.775629093391101421e+00
2.249999999999999917e-02 7.309849477805449025e-01 2.192954843341634596e+00
4.499999999999999833e-02 5.007230973598632007e-01 1.502169292079589713e+00
2.249999999999999917e-02 5.344355080566208782e-01 1.603306524169862524e+00
2.249999999999999917e-02 5.145070754454530437e-01 1.543521226336359131e+00
2.249999999999999917e-02 5.424602235529564220e-01 1.627380670658869377e+00
2.249999999999999917e-02 5.432147986941276985e-01 1.629644396082383206e+00
2.249999999999999917e-02 6.426057695998098618e-01 1.927817308799429696e+00
1.575000000000000011e-01 3.032602691801910555e-01 9.097808075405731110e-01
2.249999999999999917e-02 5.219287455925368802e-01 1.565786236777610529e+00
2.249999999999999917e-02 6.814844782331416218e-01 2.044453434699424754e+00
2.249999999999999917e-02 6.461592581680712932e-01 1.938477774504213880e+00
2.249999999999999917e-02 6.778313923237171412e-01 2.033494176971151646e+00
2.249999999999999917e-02 5.815964853347234120e-01 1.744789456004170347e+00
4.499999999999999833e-02 4.548729279019916860e-01 1.364618783705975114e+00
2.474999999999999978e-01 2.140969820977468019e-01 6.422909462932404612e-01
3.150000000000000022e-01 2.394002887591131778e-01 7.182008662773395891e-01
2.249999999999999917e-02 5.131390266821937995e-01 1.539417080046581399e+00
8.999999999999999667e-02 4.772005614069310675e-01 1.431601684220793258e+00
3.194999999999999840e+00 7.490234348304435075e-02 2.247070304491330384e-01
6.750000000000000444e-02 4.158048241984355631e-01 1.247414472595306689e+00
2.249999999999999917e-02 6.204802569718098626e-01 1.861440770915429699e+00
2.249999999999999917e-02 6.050473922757104717e-01 1.815142176827131415e+00
2.249999999999999917e-02 5.641401838981673356e-01 1.692420551694501896e+00
6.750000000000000444e-02 4.554502246174289559e-01 1.366350673852286812e+00
2.249999999999999917e-02 5.656810628486576009e-01 1.697043188545972914e+00
2.249999999999999917e-02 4.401360305609993140e-01 1.320408091682997886e+00
2.249999999999999917e-02 5.540065018236871586e-01 1.662019505471061365e+00
8.999999999999999667e-02 3.236119516382476302e-01 9.708358549147428906e-01
2.249999999999999917e-02 6.010041409160993275e-01 1.803012422748297983e+00
2.249999999999999917e-02 5.870189023037751808e-01 1.761056706911325431e+00
2.249999999999999917e-02 5.691132929107939331e-01 1.707339878732381688e+00
2.249999999999999917e-02 6.341893476321454060e-01 1.902568042896436218e+00
2.249999999999999917e-02 6.385637539619501979e-01 1.915691261885850594e+00
2.249999999999999917e-02 6.555979648801268933e-01 1.966793894640380680e+00
2.249999999999999917e-02 5.172882015767193975e-01 1.551864604730158081e+00
2.249999999999999917e-02 6.047479805522615326e-01 1.814243941656784598e+00
2.249999999999999917e-02 6.415722590745622789e-01 1.924716777223686837e+00
2.249999999999999917e-02 5.866462379966480567e-01 1.759938713989944059e+00
2.250000000000000056e-01 2.306091989646470719e-01 6.918275968939412435e-01
2.249999999999999917e-02 5.792230695332241108e-01 1.737669208599672332e+00
2.249999999999999917e-02 5.684369160126390152e-01 1.705310748037917046e+00
2.249999999999999917e-02 5.652599649578418095e-01 1.695779894873525429e+00
2.249999999999999917e-02 5.760228891583977218e-01 1.728068667475193276e+00
2.249999999999999917e-02 6.263700474859075218e-01 1.879110142457722565e+00
2.249999999999999917e-02 6.236052250575393474e-01 1.870815675172618153e+00
2.249999999999999917e-02 6.457826758844855686e-01 1.937348027653456706e+00
2.249999999999999917e-02 5.708957674998479392e-01 1.712687302499543929e+00
4.499999999999999833e-02 5.483265582556998696e-01 1.644979674767099720e+00
2.249999999999999917e-02 5.223074094015109914e-01 1.566922228204532974e+00
4.499999999999999833e-02 4.416425942786643688e-01 1.324927782835993106e+00
2.249999999999999917e-02 5.469771232644589087e-01 1.640931369793376726e+00
2.249999999999999917e-02 5.486871028430800878e-01 1.646061308529240375e+00
0.000000000000000000e+00 0.000000000000000000e+00 0.000000000000000000e+00
4.499999999999999833e-02 4.637346566521438063e-01 1.391203969956431363e+00
2.249999999999999917e-02 6.627884255561001803e-01 1.988365276668300652e+00
5.400000000000000355e-01 1.743785865239504962e-01 5.231357595718515441e-01
2.249999999999999917e-02 6.341044003724333189e-01 1.902313201117300068e+00
1.125000000000000028e-01 3.901986705598065597e-01 1.170596011679419624e+00
1.125000000000000028e-01 3.766835837687199651e-01 1.130050751306159951e+00
2.249999999999999917e-02 5.187813360317361511e-01 1.556344008095208453e+00
2.025000000000000133e-01 2.580655339925446157e-01 7.741966019776338470e-01
2.249999999999999917e-02 5.751530118079335452e-01 1.725459035423800636e+00
4.499999999999999833e-02 5.250022438069459341e-01 1.575006731420837802e+00
0.000000000000000000e+00 0.000000000000000000e+00 0.000000000000000000e+00
2.249999999999999917e-02 5.618437337896627914e-01 1.685531201368988263e+00
4.499999999999999833e-02 5.834098369580916765e-01 1.750229510874274919e+00
3.746249999999999858e+01 2.349220382232810461e-02 7.047661146698430690e-02
4.499999999999999833e-02 5.131770188900777185e-01 1.539531056670233156e+00
2.249999999999999917e-02 5.723059180106931931e-01 1.716917754032079468e+00
4.499999999999999833e-02 4.704544341564864118e-01 1.411363302469459180e+00
2.474999999999999978e-01 2.575010006463844814e-01 7.725030019391534442e-01
4.499999999999999833e-02 4.837746091440597862e-01 1.451323827432179359e+00
2.249999999999999917e-02 4.992926509759956777e-01 1.497877952927987089e+00
2.249999999999999917e-02 5.967614024084192392e-01 1.790284207225257607e+00
2.249999999999999917e-02 5.506992640934572636e-01 1.652097792280371902e+00
2.249999999999999917e-02 6.125249184329699670e-01 1.837574755298909901e+00
2.249999999999999917e-02 6.619811456684986384e-01 1.985943437005496026e+00
6.750000000000000444e-02 4.473918222452468174e-01 1.342175466735740397e+00
2.249999999999999917e-02 5.706242918208875858e-01 1.711872875462662869e+00
2.249999999999999917e-02 5.480104095978278744e-01 1.644031228793483734e+00
6.750000000000000444e-02 4.215346817712296024e-01 1.264604045313688863e+00
4.499999999999999833e-02 5.408465025585906805e-01 1.622539507675772041e+00
2.249999999999999917e-02 4.942926665289135157e-01 1.482877999586740492e+00
2.249999999999999917e-02 6.726774830650681380e-01 2.018032449195204414e+00
4.499999999999999833e-02 5.212428385113291318e-01 1.563728515533987284e+00
6.750000000000000444e-02 4.327634908989091422e-01 1.298290472696727482e+00
4.207499999999999574e+00 6.103602476857303977e-02 1.831080743057191262e-01
2.249999999999999917e-02 5.105156725591325495e-01 1.531547017677397537e+00
4.499999999999999833e-02 4.939902290519016526e-01 1.481970687155705013e+00
2.249999999999999917e-02 6.023680618251903152e-01 1.807104185475570945e+00
4.499999999999999833e-02 4.535633931290345977e-01 1.360690179387103793e+00
3.609000000000000341e+01 2.260440542498277569e-02 6.781321627494832360e-02
2.249999999999999917e-02 6.655886945909178509e-01 1.996766083772753664e+00
2.249999999999999917e-02 6.127295065300903953e-01 1.838188519590271186e+00
1.350000000000000089e-01 3.470911153934216342e-01 1.041273346180264792e+00
3.375000000000000222e-01 2.160796664321723293e-01 6.482389992965169601e-01
1.800000000000000044e+00 9.057139985084404488e-02 2.717141995525321208e-01
4.499999999999999833e-02 4.822168955703204918e-01 1.446650686710961420e+00
2.249999999999999917e-02 5.651593789177156157e-01 1.695478136753146847e+00
2.249999999999999917e-02 6.558342711837947814e-01 1.967502813551384344e+00
2.249999999999999917e-02 7.107501066371583187e-01 2.132250319911475067e+00
2.249999999999999917e-02 5.804730724999535019e-01 1.741419217499860395e+00
2.249999999999999917e-02 5.943040902256686575e-01 1.782912270677005973e+00
2.249999999999999917e-02 6.263918052929275948e-01 1.879175415878782784e+00
6.750000000000000444e-02 4.838493723172602179e-01 1.451548116951780543e+00
1.669500000000000028e+01 3.462728893908646050e-02 1.038818668172593884e-01
6.524999999999999689e-01 1.554941491783104757e-01 4.664824475349313992e-01
2.249999999999999917e-02 5.538364643808200150e-01 1.661509393142460045e+00
2.249999999999999917e-02 5.834554915949720089e-01 1.750366474784915916e+00
4.499999999999999833e-02 4.552873185164842407e-01 1.365861955549452667e+00
2.249999999999999917e-02 5.916039125028283996e-01 1.774811737508485088e+00
4.499999999999999833e-02 5.417132917118864244e-01 1.625139875135659384e+00
2.249999999999999917e-02 5.225179658187841802e-01 1.567553897456352541e+00
2.249999999999999917e-02 5.460999308820581044e-01 1.638299792646174424e+00
2.249999999999999917e-02 7.418504162308249272e-01 2.225551248692474893e+00
2.249999999999999917e-02 5.535235019396959055e-01 1.660570505819087828e+00
2.249999999999999917e-02 5.319205479484157006e-01 1.595761643845247102e+00
2.249999999999999917e-02 5.958777331487734585e-01 1.787633199446320376e+00
2.474999999999999978e-01 2.457464796412121566e-01 7.372394389236365253e-01
4.499999999999999833e-02 4.965861552372300980e-01 1.489758465711690238e+00
2.249999999999999917e-02 5.275685618661127840e-01 1.582705685598338352e+00
2.249999999999999917e-02 6.500578961014827906e-01 1.950173688304448483e+00
2.249999999999999917e-02 5.691056328037144008e-01 1.707316898411143313e+00
8.999999999999999667e-02 4.085993362633090764e-01 1.225798008789927174e+00
8.999999999999999667e-02 4.404124335488509012e-01 1.321237300646552759e+00
4.499999999999999833e-02 4.744169108005225621e-01 1.423250732401567742e+00
8.999999999999999667e-02 3.760470181740117046e-01 1.128141054522035169e+00
2.249999999999999917e-02 6.287820716596670412e-01 1.886346214979001124e+00
2.249999999999999917e-02 5.163304418485256120e-01 1.548991325545576725e+00
4.499999999999999833e-02 4.679880383627609830e-01 1.403964115088282893e+00
4.499999999999999833e-02 4.957496593786014927e-01 1.487248978135804478e+00
1.350000000000000089e-01 3.603516468735544209e-01 1.081054940620663318e+00
2.249999999999999917e-02 6.510977698459365914e-01 1.953293309537809774e+00
1.125000000000000028e-01 3.571522409448643076e-01 1.071456722834593034e+00
2.249999999999999917e-02 5.565793971481023394e-01 1.669738191444307018e+00
4.499999999999999833e-02 5.131595609234297362e-01 1.539478682770289097e+00
4.050000000000000266e-01 2.219614461604226263e-01 6.658843384812678234e-01
4.344749999999999801e+01 1.982456216696202103e-02 5.947368650088606656e-02
2.249999999999999917e-02 5.892861946580846277e-01 1.767858583974253772e+00
2.249999999999999917e-02 6.330183586446366251e-01 1.899055075933909986e+00
2.249999999999999917e-02 5.339611382593228983e-01 1.601883414777968806e+00
2.249999999999999917e-02 5.596811593893199488e-01 1.679043478167959957e+00
4.499999999999999833e-02 4.839978473252642410e-01 1.451993541975792779e+00
2.249999999999999917e-02 6.095090274821213239e-01 1.828527082446363972e+00
3.375000000000000222e-01 2.178745595485759301e-01 6.536236786457277903e-01
4.657499999999999751e+00 5.475469735602341015e-02 1.642640920680702443e-01
6.750000000000000444e-02 4.820251455605391033e-01 1.446075436681617310e+00
2.249999999999999917e-02 5.866390680595172658e-01 1.759917204178551797e+00
2.249999999999999917e-02 5.768016534907857151e-01 1.730404960472357256e+00
2.249999999999999917e-02 5.958339270181992608e-01 1.787501781054597672e+00
4.499999999999999833e-02 4.756755960802778738e-01 1.427026788240833621e+00
2.249999999999999917e-02 5.166699110690219365e-01 1.550009733207065921e+00
0.000000000000000000e+00 0.000000000000000000e+00 0.000000000000000000e+00
4.499999999999999833e-02 5.644627342727267516e-01 1.693388202818180144e+00
1.575000000000000011e-01 3.263803733295151388e-01 9.791411199885453609e-01
2.249999999999999917e-02 5.869443604869796216e-01 1.760833081460938754e+00
1.575000000000000011e-01 2.918089078302176786e-01 8.754267234906529804e-01
2.249999999999999917e-02 6.300048520052000667e-01 1.890014556015600089e+00
4.499999999999999833e-02 5.275902846351044895e-01 1.582770853905313579e+00
2.249999999999999917e-02 6.276465992283336570e-01 1.882939797685001082e+00
2.249999999999999917e-02 6.892037153943798566e-01 2.067611146183139681e+00
2.249999999999999917e-02 5.086112862119862577e-01 1.525833858635958773e+00
2.249999999999999917e-02 5.683801209302894453e-01 1.705140362790868336e+00
0.000000000000000000e+00 0.000000000000000000e+00 0.000000000000000000e+00
2.249999999999999917e-02 4.427124372627258553e-01 1.328137311788177621e+00
8.999999999999999667e-02 3.639225453170101821e-01 1.091767635951030435e+00
2.249999999999999917e-02 6.439544345814941506e-01 1.931863303744482341e+00
8.999999999999999667e-02 4.063192796187867772e-01 1.218957838856360443e+00
4.499999999999999833e-02 5.911161198406280626e-01 1.773348359521884188e+00
2.025000000000000133e-01 2.999811483149726343e-01 8.999434449449179585e-01
8.999999999999999667e-02 3.940817925707157388e-01 1.182245377712147327e+00
2.249999999999999917e-02 6.724951485406744922e-01 2.017485445622023477e+00
4.499999999999999833e-02 4.410284240597951433e-01 1.323085272179385541e+00
2.249999999999999917e-02 7.163338341145629729e-01 2.149001502343689030e+00
2.250000000000000056e-01 2.070987369248211973e-01 6.212962107744636198e-01
1.350000000000000089e-01 2.960620290071186989e-01 8.881860870213560410e-01
6.750000000000000444e-02 3.723592811765297217e-01 1.117077843529589165e+00
2.249999999999999917e-02 5.902708934610656488e-01 1.770812680383196946e+00
2.249999999999999917e-02 6.243588349726749698e-01 1.873076504918024909e+00
2.249999999999999917e-02 6.548080237252271729e-01 1.964424071175681519e+00
3.244500000000000028e+01 2.506239706034197115e-02 7.518719118102591692e-02
6.750000000000000444e-02 4.380325943879457284e-01 1.314097783163837185e+00
6.750000000000000444e-02 5.325200785789051539e-01 1.597560235736715573e+00
2.249999999999999917e-02 5.921938471631543743e-01 1.776581541489463234e+00
4.499999999999999833e-02 5.928486309074899596e-01 1.778545892722469990e+00
1.799999999999999933e-01 2.375738521730302866e-01 7.127215565190908597e-01
2.249999999999999917e-02 5.371919892451489931e-01 1.611575967735447090e+00
2.249999999999999917e-02 5.068677655434343787e-01 1.520603296630303136e+00
2.249999999999999917e-02 5.269530423905793848e-01 1.580859127171738265e+00
2.249999999999999917e-02 6.319483027138659281e-01 1.895844908141597784e+00
2.249999999999999917e-02 6.261634058019762694e-01 1.878490217405928808e+00
4.499999999999999833e-02 4.801864023150106409e-01 1.440559206945031923e+00
8.999999999999999667e-02 3.951699409341889457e-01 1.185509822802566893e+00
2.249999999999999917e-02 6.176865569210449047e-01 1.853059670763134825e+00
2.249999999999999917e-02 5.481091457625980601e-01 1.644327437287794069e+00
6.750000000000000444e-02 4.329050776054900740e-01 1.298715232816470166e+00
4.499999999999999833e-02 3.265623200771842760e-01 9.796869602315527725e-01
4.499999999999999833e-02 4.850892584046732070e-01 1.455267775214019732e+00
2.249999999999999917e-02 5.821350330044170462e-01 1.746405099013251139e+00
1.552499999999999991e+00 1.063533693923502249e-01 3.190601081770506608e-01
4.499999999999999833e-02 5.155061590969280960e-01 1.546518477290784288e+00
2.249999999999999917e-02 5.468937988944623241e-01 1.640681396683386861e+00
4.499999999999999833e-02 5.152568089131225326e-01 1.545770426739367487e+00
6.750000000000000444e-02 4.675925675909600732e-01 1.402777702772880275e+00
2.249999999999999917e-02 5.494095996156622697e-01 1.648228798846986809e+00
2.249999999999999917e-02 5.832946328679997627e-01 1.749883898603999288e+00
8.999999999999999667e-02 3.521089576374548669e-01 1.056326872912364490e+00
2.249999999999999917e-02 5.193373741671105659e-01 1.558012122501331698e+00
2.249999999999999917e-02 5.550283058364774424e-01 1.665084917509432216e+00
1.125000000000000028e-01 3.622129265661215847e-01 1.086638779698364754e+00
2.249999999999999917e-02 6.166967112453954902e-01 1.850090133736186360e+00
2.249999999999999917e-02 5.884703593699048829e-01 1.765411078109714538e+00
8.999999999999999667e-02 4.156822171901626284e-01 1.247046651570487885e+00
2.249999999999999917e-02 6.560479653840858294e-01 1.968143896152257488e+00
2.249999999999999917e-02 5.843044595320794343e-01 1.752913378596238303e+00
2.249999999999999917e-02 5.600328082001578833e-01 1.680098424600473539e+00
3.150000000000000022e-01 2.132225440360518143e-01 6.396676321081554706e-01
1.286999999999999922e+01 3.888929730359441672e-02 1.166678919107832502e-01
2.249999999999999917e-02 7.682022591085092555e-01 2.304606777325527656e+00
2.249999999999999917e-02 5.562221277137288089e-01 1.668666383141186316e+00
4.724999999999999756e-01 1.950779790649738721e-01 5.852339371949215607e-01
2.249999999999999917e-02 5.779719228274946552e-01 1.733915768482483966e+00
2.249999999999999917e-02 5.338971864076942353e-01 1.601691559223082706e+00
4.499999999999999833e-02 4.544166485543174594e-01 1.363249945662952323e+00
2.249999999999999917e-02 6.935356545849871157e-01 2.080606963754961569e+00
2.249999999999999917e-02 7.726226796205007963e-01 2.317868038861502278e+00
2.249999999999999917e-02 5.496698653703371296e-01 1.649009596111011389e+00
2.249999999999999917e-02 5.513183042833708081e-01 1.653954912850112535e+00
6.750000000000000444e-02 4.380402981407241492e-01 1.314120894422172503e+00
4.499999999999999833e-02 6.119856029042866075e-01 1.835956808712859711e+00
1.687500000000000000e+00 1.062001803788972520e-01 3.186005411366917839e-01
2.249999999999999917e-02 6.984027917964593657e-01 2.095208375389378208e+00
1.125000000000000028e-01 3.660493661479858885e-01 1.098148098443957554e+00
2.249999999999999917e-02 6.099828248842211753e-01 1.829948474652663526e+00
3.825000000000000067e-01 2.193029749143757534e-01 6.579089247431272325e-01
2.249999999999999917e-02 7.743810526612132650e-01 2.323143157983639906e+00
1.575000000000000011e-01 3.680158420073185721e-01 1.104047526021955772e+00
2.249999999999999917e-02 5.482608146774636815e-01 1.644782444032391044e+00
2.249999999999999917e-02 6.051159127193111997e-01 1.815347738157933488e+00
2.249999999999999917e-02 5.591876467912356707e-01 1.677562940373706901e+00
1.799999999999999933e-01 3.177329008123319642e-01 9.531987024369958927e-01
2.249999999999999917e-02 5.626073076994499989e-01 1.687821923098349997e+00
2.249999999999999917e-02 6.897056819632513269e-01 2.069117045889754092e+00
2.249999999999999917e-02 5.621044791531596418e-01 1.686313437459479037e+00
2.249999999999999917e-02 6.540892300321281549e-01 1.962267690096384465e+00
2.249999999999999917e-02 5.516334597016731012e-01 1.654900379105019415e+00
2.249999999999999917e-02 7.423125231232277077e-01 2.226937569369683345e+00
2.249999999999999917e-02 5.831160399699198971e-01 1.749348119909759802e+00
6.075000000000000400e-01 1.691058212470153421e-01 5.073174637410460264e-01
4.499999999999999833e-02 6.297036497404793209e-01 1.889110949221437963e+00
2.249999999999999917e-02 5.607034363335987592e-01 1.682110309000796278e+00
2.249999999999999917e-02 5.738142606981379013e-01 1.721442782094413815e+00
0.000000000000000000e+00 0.000000000000000000e+00 0.000000000000000000e+00
8.999999999999999667e-02 5.277313398303568048e-01 1.583194019491070303e+00
2.249999999999999917e-02 6.187394083737546291e-01 1.856218225121263998e+00
4.499999999999999833e-02 5.652851593009071696e-01 1.695855477902721509e+00
2.924999999999999822e-01 2.376640233399416879e-01 7.129920700198251193e-01
2.249999999999999917e-02 7.978350842471686466e-01 2.393505252741506162e+00
2.025000000000000133e-01 2.856626980300279728e-01 8.569880940900839184e-01
6.750000000000000444e-02 4.217809265666635499e-01 1.265342779699990761e+00
1.350000000000000089e-01 3.424063406732062442e-01 1.027219022019618677e+00
2.249999999999999917e-02 6.097186623824120133e-01 1.829155987147236040e+00
4.499999999999999833e-02 4.899271672333475047e-01 1.469781501700042625e+00
0.000000000000000000e+00 0.000000000000000000e+00 0.000000000000000000e+00
2.249999999999999917e-02 7.824381940030200600e-01 2.347314582009060402e+00
4.499999999999999833e-02 4.689372492594359731e-01 1.406811747778307975e+00
8.100000000000000533e-01 1.580451119916482239e-01 4.741353359749446716e-01
2.249999999999999917e-02 5.530285218696970873e-01 1.659085565609091262e+00
2.249999999999999917e-02 8.528084833191666991e-01 2.558425449957500319e+00
4.499999999999999833e-02 4.737792605284188441e-01 1.421337781585256588e+00
2.249999999999999917e-02 5.399978766493487292e-01 1.619993629948046188e+00
1.439999999999999947e+00 1.241395534964494091e-01 3.724186604893482411e-01
4.499999999999999833e-02 5.184383574624653601e-01 1.555315072387396080e+00
8.414999999999999147e+00 4.126110887001156052e-02 1.237833266100346885e-01
2.249999999999999917e-02 6.280202188042873779e-01 1.884060656412862134e+00
2.249999999999999917e-02 4.975211428549293213e-01 1.492563428564787964e+00
2.933999999999999986e+01 2.432180034456014883e-02 7.296540103368044650e-02
2.249999999999999917e-02 6.317041121973548945e-01 1.895112336592064572e+00
1.282499999999999973e+00 1.078566112882989175e-01 3.235698338648967387e-01
2.249999999999999917e-02 8.622799832867038550e-01 2.586839949860111787e+00
3.599999999999999867e-01 2.326719583422170445e-01 6.980158750266511891e-01
2.249999999999999917e-02 6.569466249723772133e-01 1.970839874917131640e+00
2.249999999999999917e-02 5.795255272178254646e-01 1.738576581653476394e+00
8.999999999999999667e-02 4.497514179885479524e-01 1.349254253965643802e+00
8.999999999999999667e-02 3.847809482542273174e-01 1.154342844762682008e+00
2.249999999999999917e-02 5.466501088476994896e-01 1.639950326543098580e+00
2.249999999999999917e-02 5.387949474982830500e-01 1.616384842494849039e+00
2.767500000000000071e+01 2.589368919088723756e-02 7.768106757266171614e-02
2.249999999999999917e-02 6.063148486007798876e-01 1.818944545802339663e+00
2.249999999999999917e-02 5.345839238046119490e-01 1.603751771413835847e+00
2.249999999999999917e-02 9.886756724678655850e-01 2.966027017403596755e+00
2.249999999999999917e-02 5.910198262014129122e-01 1.773059478604238848e+00
3.375000000000000222e-01 2.319728296925291089e-01 6.959184890775873544e-01
2.249999999999999917e-02 6.318101154529820462e-01 1.895430346358946139e+00
2.249999999999999917e-02 6.406816285160925606e-01 1.922044885548277682e+00
2.249999999999999917e-02 6.312547251416582572e-01 1.893764175424974772e+00
2.249999999999999917e-02 5.087740286180920668e-01 1.526322085854276089e+00
6.300000000000000044e-01 1.428311217499761698e-01 4.284933652499285373e-01
2.249999999999999917e-02 4.962018579802505158e-01 1.488605573940751547e+00
2.249999999999999917e-02 7.179538710517991973e-01 2.153861613155397592e+00
6.750000000000000444e-02 3.590484700386813444e-01 1.077145410116044033e+00
6.750000000000000444e-02 7.505112686777795084e-01 2.251533806033338525e+00
2.249999999999999917e-02 5.567578351645647849e-01 1.670273505493694355e+00
8.999999999999999667e-02 4.222360891398166394e-01 1.266708267419449863e+00
2.249999999999999917e-02 5.996556026070372081e-01 1.798966807821111624e+00
4.499999999999999833e-02 5.542789247971596778e-01 1.662836774391478922e+00
2.249999999999999917e-02 6.023110888913887351e-01 1.806933266674166205e+00
2.249999999999999917e-02 5.283504985726851233e-01 1.585051495718055481e+00
2.249999999999999917e-02 5.171558747295170733e-01 1.551467624188551220e+00
2.697749999999999915e+01 2.790098648674245452e-02 8.370295946022736355e-02
4.499999999999999833e-02 5.654111148987924773e-01 1.696233344696377543e+00
4.499999999999999833e-02 4.896222467186533422e-01 1.468866740155960082e+00
4.499999999999999833e-02 7.723994679094983162e-01 2.317198403728494949e+00
2.249999999999999917e-02 4.949191087862351290e-01 1.484757326358705498e+00
4.499999999999999833e-02 6.042144205408118696e-01 1.812643261622435720e+00
3.694500000000000028e+01 1.883098578066589451e-02 5.649295734199768354e-02
4.500000000000000111e-01 2.201711486512434590e-01 6.605134459537304048e-01
1.979999999999999982e+00 9.582105697949615253e-02 2.874631709384884437e-01
2.249999999999999917e-02 5.902563027426579456e-01 1.770768908227973837e+00
1.125000000000000028e-01 3.657887189826071195e-01 1.097366156947821469e+00
2.679749999999999943e+01 2.561758134084007529e-02 7.685274402252022241e-02
8.774999999999999467e-01 1.651205222235639092e-01 4.953615666706917553e-01
2.249999999999999917e-02 6.472928093379616277e-01 1.941878428013884772e+00
4.499999999999999833e-02 7.769505582555308321e-01 2.330851674766592385e+00
2.249999999999999917e-02 5.368063592756887603e-01 1.610419077827066392e+00
2.249999999999999917e-02 6.839210237118696911e-01 2.051763071135609184e+00
2.249999999999999917e-02 5.237246398141643944e-01 1.571173919442493183e+00
2.249999999999999917e-02 6.281047402171467953e-01 1.884314220651440497e+00
2.700000000000000178e-01 2.505924165820460625e-01 7.517772497461381320e-01
2.249999999999999917e-02 6.439248690540010367e-01 1.931774607162003221e+00
2.249999999999999917e-02 6.286740640098670285e-01 1.886022192029601197e+00
2.249999999999999917e-02 5.039697711453571261e-01 1.511909313436071489e+00
4.499999999999999833e-02 5.817694097288236277e-01 1.745308229186470772e+00
2.249999999999999917e-02 5.830244983840164874e-01 1.749073495152049462e+00
2.249999999999999917e-02 8.507754580531367017e-01 2.552326374159409994e+00
2.249999999999999917e-02 5.904182531611251727e-01 1.771254759483375629e+00
2.249999999999999917e-02 7.854864649779162988e-01 2.356459394933748897e+00
2.249999999999999917e-02 5.564983616517534815e-01 1.669495084955260555e+00
2.249999999999999917e-02 6.663252418903564678e-01 1.998975725671069403e+00
1.799999999999999933e-01 3.143405461325891603e-01 9.430216383977674255e-01
2.249999999999999917e-02 7.430788876640925800e-01 2.229236662992277740e+00
2.249999999999999917e-02 6.102106113930880760e-01 1.830631834179264228e+00
2.249999999999999917e-02 5.199128258609626574e-01 1.559738477582887972e+00
2.249999999999999917e-02 6.617192553231959762e-01 1.985157765969587818e+00
2.249999999999999917e-02 5.400373487614308354e-01 1.620112046284292617e+00
2.249999999999999917e-02 9.043083231679653888e-01 2.712924969503895944e+00
2.249999999999999917e-02 6.624854205173253963e-01 1.987456261551976189e+00
4.499999999999999833e-02 5.738369555084782414e-01 1.721510866525434835e+00
2.249999999999999917e-02 5.741259998272111309e-01 1.722377999481633282e+00
2.249999999999999917e-02 7.294572661532148228e-01 2.188371798459644246e+00
8.999999999999999667e-02 4.738292694686672690e-01 1.421487808406001863e+00
2.249999999999999917e-02 6.076119837713472860e-01 1.822835951314041747e+00
0.000000000000000000e+00 0.000000000000000000e+00 0.000000000000000000e+00
4.499999999999999833e-02 5.710999937219939371e-01 1.713299981165981922e+00
2.249999999999999917e-02 7.059869532352253119e-01 2.117960859705676047e+00
2.249999999999999917e-02 8.798241738241434629e-01 2.639472521472430167e+00
2.249999999999999917e-02 8.888580721388598116e-01 2.666574216416579546e+00
2.249999999999999917e-02 5.478799433252453666e-01 1.643639829975735989e+00
2.474999999999999978e-01 2.517369586644159773e-01 7.552108759932478765e-01
2.249999999999999917e-02 6.420849981037446419e-01 1.926254994311233926e+00
6.750000000000000444e-02 4.746001576792946430e-01 1.423800473037883929e+00
2.249999999999999917e-02 7.762991670356912399e-01 2.328897501107073609e+00
2.249999999999999917e-02 6.356290817872461973e-01 1.906887245361738703e+00
0.000000000000000000e+00 0.000000000000000000e+00 0.000000000000000000e+00
2.249999999999999917e-02 6.456516967609626789e-01 1.936955090282888037e+00
4.499999999999999833e-02 5.035486620801827851e-01 1.510645986240548355e+00
4.499999999999999833e-02 7.844808452187044256e-01 2.353442535656113499e+00
2.249999999999999917e-02 8.029975074512184507e-01 2.408992522353655463e+00
2.537999999999999901e+01 2.339646397124226992e-02 7.018939191372680630e-02
2.249999999999999917e-02 5.739726166412129071e-01 1.721917849923638721e+00
2.249999999999999917e-02 6.445254383569889445e-01 1.933576315070966833e+00
2.249999999999999917e-02 5.886824188706968330e-01 1.766047256612090610e+00
2.249999999999999917e-02 8.864004221997942023e-01 2.659201266599382496e+00
4.050000000000000266e-01 2.222488145815318394e-01 6.667464437445955738e-01
2.249999999999999917e-02 6.391442348191902489e-01 1.917432704457570747e+00
8.999999999999999667e-02 5.253364909588101872e-01 1.576009472876430451e+00
2.249999999999999917e-02 6.005799293905962344e-01 1.801739788171788703e+00
2.249999999999999917e-02 9.590510990313555473e-01 2.877153297094066531e+00
2.249999999999999917e-02 8.302681364908177652e-01 2.490804409472453074e+00
2.249999999999999917e-02 6.024766838424646664e-01 1.807430051527393999e+00
4.499999999999999833e-02 5.417244456667583696e-01 1.625173337000274998e+00
1.350000000000000089e-01 3.307454039856332351e-01 9.922362119568997052e-01
5.849999999999999645e-01 1.670302869737270157e-01 5.010908609211810472e-01
4.499999999999999833e-02 6.090594123095876000e-01 1.827178236928762800e+00
2.249999999999999917e-02 6.416980863713931393e-01 1.925094259114179529e+00
4.499999999999999833e-02 5.594703703122138050e-01 1.678411110936641304e+00
1.125000000000000028e-01 4.327516886491795112e-01 1.298255065947538478e+00
2.249999999999999917e-02 5.462567394597845905e-01 1.638770218379353771e+00
2.249999999999999917e-02 9.121516569821377374e-01 2.736454970946413212e+00
2.249999999999999917e-02 8.576872579475992575e-01 2.573061773842797884e+00
2.249999999999999917e-02 6.460905183433139909e-01 1.938271555029941862e+00
6.750000000000000444e-02 4.251110244350363443e-01 1.275333073305108922e+00
2.700000000000000178e-01 2.544585543384353943e-01 7.633756630153061273e-01
3.096000000000000085e+01 2.355399890614838510e-02 7.066199671844515529e-02
2.924999999999999822e-01 2.569240215240010117e-01 7.707720645720030905e-01
2.249999999999999917e-02 6.437817182546806682e-01 1.931345154764041894e+00
2.249999999999999917e-02 5.895828670254669168e-01 1.768748601076400639e+00
6.750000000000000444e-02 5.083231170566969714e-01 1.524969351170090803e+00
2.249999999999999917e-02 6.051314000075046495e-01 1.815394200022514060e+00
4.499999999999999833e-02 7.223435652133437523e-01 2.167030695640031368e+00
6.750000000000000444e-02 5.795949246548908196e-01 1.738784773964672459e+00
1.350000000000000089e-01 3.760353991467326740e-01 1.128106197440198022e+00
2.249999999999999917e-02 6.961990201665247957e-01 2.088597060499574276e+00
2.249999999999999917e-02 7.011739015736907499e-01 2.103521704721072361e+00
2.249999999999999917e-02 6.407474318923644940e-01 1.922242295677093482e+00
2.249999999999999917e-02 6.144230059249938813e-01 1.843269017774981755e+00
4.499999999999999833e-02 5.676344058191561404e-01 1.702903217457468532e+00
5.197499999999999787e+00 5.314338951730102761e-02 1.594301685519030898e-01
3.599999999999999867e-01 2.788636530803762503e-01 8.365909592411286955e-01
1.012499999999999956e+00 1.172896544949639935e-01 3.518689634848919945e-01
4.499999999999999833e-02 7.228692376461248736e-01 2.168607712938374732e+00
2.249999999999999917e-02 7.039061524850216411e-01 2.111718457455064701e+00
2.249999999999999917e-02 6.432481347485241585e-01 1.929744404245572476e+00
6.750000000000000444e-02 5.291846236390066460e-01 1.587553870917020049e+00
2.249999999999999917e-02 6.676543897645592640e-01 2.002963169293678014e+00
2.249999999999999917e-02 5.947748083580305378e-01 1.784324425074091724e+00
2.249999999999999917e-02 6.303120881384385310e-01 1.890936264415315593e+00
2.249999999999999917e-02 5.706575989916246039e-01 1.711972796974873923e+00
2.249999999999999917e-02 5.604466433598501718e-01 1.681339930079550626e+00
2.249999999999999917e-02 8.569056439291158345e-01 2.570716931787347725e+00
2.249999999999999917e-02 6.069617849645790875e-01 1.820885354893737151e+00
2.249999999999999917e-02 8.034454230594814117e-01 2.410336269178444013e+00
2.249999999999999917e-02 6.192515457277025792e-01 1.857754637183107738e+00
2.249999999999999917e-02 5.607313678325374084e-01 1.682194103497612225e+00
5.174999999999999600e-01 1.783626787780049905e-01 5.350880363340149160e-01
4.499999999999999833e-02 6.234579627041997307e-01 1.870373888112599303e+00
2.249999999999999917e-02 6.129019136531146383e-01 1.838705740959343915e+00
6.165000000000000036e+00 5.024721040854160381e-02 1.507416312256248114e-01
2.249999999999999917e-02 8.372038094884313164e-01 2.511611428465293727e+00
6.750000000000000444e-02 4.085420186662770403e-01 1.225626055998831010e+00
4.499999999999999833e-02 6.675209177935463867e-01 2.002562753380638938e+00
2.249999999999999917e-02 5.945030618844477921e-01 1.783509185653343376e+00
6.750000000000000444e-02 5.295515744012896375e-01 1.588654723203868802e+00
2.249999999999999917e-02 5.895261961736029122e-01 1.768578588520808736e+00
2.249999999999999917e-02 5.689300169709383681e-01 1.706790050912815104e+00
2.249999999999999917e-02 6.594359941808386472e-01 1.978307982542515830e+00
2.249999999999999917e-02 6.917316123023586893e-01 2.075194836907075846e+00
2.249999999999999917e-02 6.164300035700024383e-01 1.849290010710007426e+00
2.249999999999999917e-02 5.517645740204909499e-01 1.655293722061472739e+00
4.499999999999999833e-02 6.092893867353669224e-01 1.827868160206100878e+00
6.750000000000000444e-02 3.938855387586014944e-01 1.181656616275804428e+00
2.249999999999999917e-02 7.982945535388398239e-01 2.394883660616519361e+00
2.249999999999999917e-02 6.147351059632152337e-01 1.844205317889645812e+00
3.825000000000000067e-01 2.259276080121696839e-01 6.777828240365090240e-01
2.249999999999999917e-02 6.597027223721768641e-01 1.979108167116530481e+00
2.249999999999999917e-02 6.025179143691885564e-01 1.807553743107565669e+00
2.249999999999999917e-02 7.909781760728409328e-01 2.372934528218523020e+00
1.125000000000000028e-01 3.994874905741690463e-01 1.198462471722507194e+00
2.249999999999999917e-02 6.485984265417706895e-01 1.945795279625312180e+00
7.425000000000000488e-01 1.645515158187758342e-01 4.936545474563275304e-01
1.350000000000000089e-01 3.541831014573009195e-01 1.062549304371902759e+00
6.750000000000000444e-02 3.869632790859570126e-01 1.160889837257871093e+00
0.000000000000000000e+00 0.000000000000000000e+00 0.000000000000000000e+00
1.125000000000000028e-01 4.187841200209789227e-01 1.256352360062936713e+00
1.034999999999999920e+00 1.460600125017845197e-01 4.381800375053535590e-01
1.799999999999999933e-01 3.395518141370412746e-01 1.018655442411123824e+00
2.947499999999999787e+00 8.005643195445676097e-02 2.401692958633702690e-01
2.249999999999999917e-02 7.326516241802732976e-01 2.197954872540819782e+00
8.999999999999999667e-02 4.228457563882905834e-01 1.268537269164871750e+00
2.249999999999999917e-02 6.060711336392450299e-01 1.818213400917735090e+00
2.249999999999999917e-02 7.037033578375049281e-01 2.111110073512514784e+00
4.567499999999999893e+00 7.057867410112753093e-02 2.117360223033825928e-01
6.750000000000000444e-02 3.873384935414014851e-01 1.162015480624204455e+00
0.000000000000000000e+00 0.000000000000000000e+00 0.000000000000000000e+00
6.750000000000000444e-02 4.448564951206491758e-01 1.334569485361947638e+00
2.249999999999999917e-02 8.012867110711762164e-01 2.403860133213528538e+00
2.249999999999999917e-02 6.823813731110377478e-01 2.047144119333113466e+00
2.249999999999999917e-02 6.040000931706136500e-01 1.812000279511841061e+00
2.249999999999999917e-02 7.207288669771569900e-01 2.162186600931470970e+00
2.249999999999999917e-02 6.934921582269651941e-01 2.080476474680895471e+00
2.249999999999999917e-02 6.115750647084085001e-01 1.834725194125225389e+00
2.249999999999999917e-02 5.935332587077346567e-01 1.780599776123203970e+00
4.499999999999999833e-02 5.438494771315354193e-01 1.631548431394606258e+00
2.249999999999999917e-02 5.849716820755899160e-01 1.754915046226769748e+00
2.249999999999999917e-02 7.441179089945967329e-01 2.232353726983790310e+00
1.125000000000000028e-01 3.799273836511742886e-01 1.139782150953522866e+00
2.249999999999999917e-02 7.700513539287582310e-01 2.310154061786274582e+00
2.474999999999999978e-01 3.085227215900347986e-01 9.255681647701043957e-01
4.499999999999999833e-02 5.179126299453408189e-01 1.553737889836022568e+00
2.249999999999999917e-02 6.771284318044895612e-01 2.031385295413468572e+00
1.125000000000000028e-01 4.183530426092337273e-01 1.255059127827701237e+00
2.249999999999999917e-02 6.267426548999974756e-01 1.880227964699992427e+00
2.249999999999999917e-02 6.786353505982845036e-01 2.035906051794853511e+00
2.249999999999999917e-02 7.168872221231468167e-01 2.150661666369440450e+00
2.249999999999999917e-02 6.473098739123520629e-01 1.941929621737056078e+00
4.499999999999999833e-02 6.922560452820532007e-01 2.076768135846159602e+00
2.249999999999999917e-02 6.171385355660167216e-01 1.851415606698050276e+00
4.499999999999999833e-02 6.455714520003925649e-01 1.936714356001177695e+00
2.249999999999999917e-02 8.348688916959429163e-01 2.504606675087828638e+00
2.474999999999999978e-01 2.750718335434093609e-01 8.252155006302280826e-01
2.249999999999999917e-02 5.889379697817703763e-01 1.766813909345311018e+00
2.249999999999999917e-02 7.455943035744102554e-01 2.236782910723230877e+00
2.249999999999999917e-02 6.378837773811254497e-01 1.913651332143376349e+00
2.249999999999999917e-02 5.298282394390685379e-01 1.589484718317205614e+00
2.249999999999999917e-02 6.778196714917549270e-01 2.033459014475264670e+00
4.499999999999999833e-02 6.649957342601351407e-01 1.994987202780405422e+00
2.249999999999999917e-02 7.593309028124095583e-01 2.277992708437228675e+00
1.842749999999999844e+01 3.338887236172049383e-02 1.001666170851614746e-01
4.499999999999999833e-02 6.384411847382127636e-01 1.915323554214638291e+00
2.249999999999999917e-02 9.015053856658611364e-01 2.704516156997583298e+00
2.249999999999999917e-02 6.474784025148258015e-01 1.942435207544477294e+00
3.150000000000000022e-01 2.214401218528196935e-01 6.643203655584590805e-01
2.249999999999999917e-02 8.855705618099750653e-01 2.656711685429925307e+00
2.249999999999999917e-02 6.179898714930739390e-01 1.853969614479221928e+00
2.249999999999999917e-02 5.447825596589799257e-01 1.634347678976939777e+00
8.999999999999999667e-02 4.246188367381269479e-01 1.273856510214380844e+00
2.249999999999999917e-02 6.258991544889461744e-01 1.877697463466838634e+00
6.750000000000000444e-02 5.009919989126918605e-01 1.502975996738075581e+00
2.249999999999999917e-02 6.199329014822130279e-01 1.859798704446639084e+00
2.249999999999999917e-02 8.555784598080587999e-01 2.566735379424176511e+00
4.499999999999999833e-02 8.796387102336349351e-01 2.638916130700904805e+00
2.249999999999999917e-02 7.234902625793991904e-01 2.170470787738197682e+00
2.474999999999999978e-01 2.812586176782617131e-01 8.437758530347851949e-01
2.249999999999999917e-02 8.473442217100205509e-01 2.542032665130061542e+00
2.249999999999999917e-02 6.748500102654551025e-01 2.024550030796365085e+00
2.249999999999999917e-02 6.274606906930045858e-01 1.882382072079013646e+00
2.249999999999999917e-02 6.476931842738637979e-01 1.943079552821591394e+00
3.104999999999999982e+00 7.793855526654246135e-02 2.338156657996273702e-01
2.790000000000000036e+00 7.662642747342413019e-02 2.298792824202723906e-01
2.249999999999999917e-02 7.059006741315773104e-01 2.117702022394731820e+00
2.249999999999999917e-02 9.010141705508275534e-01 2.703042511652482549e+00
2.249999999999999917e-02 8.916792208923968177e-01 2.675037662677190564e+00
4.274999999999999911e-01 2.133790775439001752e-01 6.401372326317005257e-01
4.499999999999999833e-02 6.073871913460399119e-01 1.822161574038119625e+00
2.249999999999999917e-02 7.283341347961648227e-01 2.185002404388494579e+00
4.499999999999999833e-02 6.192665582453544815e-01 1.857799674736063444e+00
2.249999999999999917e-02 6.424525891908005049e-01 1.927357767572401404e+00
2.249999999999999917e-02 7.097992553426176743e-01 2.129397766027853134e+00
4.499999999999999833e-02 5.465796663892774632e-01 1.639738999167832390e+00
2.249999999999999917e-02 6.529013190512940046e-01 1.958703957153882014e+00
4.499999999999999833e-02 6.381528964694996864e-01 1.914458689408498948e+00
2.249999999999999917e-02 7.567190107157720780e-01 2.270157032147316123e+00
2.249999999999999917e-02 8.473677058201188883e-01 2.542103117460356554e+00
2.249999999999999917e-02 7.034880132719323331e-01 2.110464039815797221e+00
2.249999999999999917e-02 8.183700459325132792e-01 2.455110137797539949e+00
2.249999999999999917e-02 6.778899162025611158e-01 2.033669748607683125e+00
2.249999999999999917e-02 7.460603572865118771e-01 2.238181071859535631e+00
2.249999999999999917e-02 7.227078270537115046e-01 2.168123481161134514e+00
2.249999999999999917e-02 6.780268511460434411e-01 2.034080553438130323e+00
4.499999999999999833e-02 6.187434235861295484e-01 1.856230270758388645e+00
2.249999999999999917e-02 6.237693389958554047e-01 1.871308016987566214e+00
2.249999999999999917e-02 8.264069985879942681e-01 2.479220995763983026e+00
2.249999999999999917e-02 6.759458613566077245e-01 2.027837584069823063e+00
2.249999999999999917e-02 8.411400172943013231e-01 2.523420051882903969e+00
2.249999999999999917e-02 8.793647253117956586e-01 2.638094175935386865e+00
2.249999999999999917e-02 8.648230921912353208e-01 2.594469276573705852e+00
6.075000000000000400e-01 1.785303257091750972e-01 5.355909771275253473e-01
4.499999999999999833e-02 5.600035890792599558e-01 1.680010767237779756e+00
6.750000000000000444e-02 5.609327838962890889e-01 1.682798351688867378e+00
8.999999999999999667e-02 4.418518254067052009e-01 1.325555476220115603e+00
2.249999999999999917e-02 7.709965519402807166e-01 2.312989655820842039e+00
2.249999999999999917e-02 8.095520181095641199e-01 2.428656054328692360e+00
0.000000000000000000e+00 0.000000000000000000e+00 0.000000000000000000e+00
1.590750000000000064e+01 3.695608110481695546e-02 1.108682433144508594e-01
2.249999999999999917e-02 7.871336950421672363e-01 2.361401085126501709e+00
1.125000000000000028e-01 5.601685376038745279e-01 1.680505612811623584e+00
4.499999999999999833e-02 7.157006289850166292e-01 2.147101886955049999e+00
4.499999999999999833e-02 4.690977140528710954e-01 1.407293142158613231e+00
1.575000000000000011e-01 3.797277862758225431e-01 1.139183358827467574e+00
2.249999999999999917e-02 7.164930358773491381e-01 2.149479107632047636e+00
1.746000000000000085e+01 3.854697854848894434e-02 1.156409356454668330e-01
4.499999999999999833e-02 6.110332010791501567e-01 1.833099603237450470e+00
2.250000000000000056e-01 3.311739353547697440e-01 9.935218060643091764e-01
0.000000000000000000e+00 0.000000000000000000e+00 0.000000000000000000e+00
4.499999999999999833e-02 5.844126571020724636e-01 1.753237971306217391e+00
2.249999999999999917e-02 6.539036209212574224e-01 1.961710862763772267e+00
2.249999999999999917e-02 9.600173037067492032e-01 2.880051911120247610e+00
6.750000000000000444e-02 6.731013831253107593e-01 2.019304149375932056e+00
1.440000000000000036e+01 3.570460594708037977e-02 1.071138178412411324e-01
2.249999999999999917e-02 7.848892642705855849e-01 2.354667792811756755e+00
2.249999999999999917e-02 7.792337841731197257e-01 2.337701352519359066e+00
2.249999999999999917e-02 6.284230545792784950e-01 1.885269163737835374e+00
2.249999999999999917e-02 5.862893055843437784e-01 1.758867916753031224e+00
2.250000000000000056e-01 2.776101605978548714e-01 8.328304817935645588e-01
2.249999999999999917e-02 6.423212225111766260e-01 1.926963667533529989e+00
2.249999999999999917e-02 6.378851989152078961e-01 1.913655596745623688e+00
2.249999999999999917e-02 6.329083796650123439e-01 1.898725138995037032e+00
2.249999999999999917e-02 1.024815986915725619e+00 3.074447960747177078e+00
2.249999999999999917e-02 8.580595414542802057e-01 2.574178624362840395e+00
2.249999999999999917e-02 5.702481813810728051e-01 1.710744544143218526e+00
2.249999999999999917e-02 9.349166271976950826e-01 2.804749881593085359e+00
2.249999999999999917e-02 7.934325136466479078e-01 2.380297540939943612e+00
2.249999999999999917e-02 6.580390060139303943e-01 1.974117018041791294e+00
2.249999999999999917e-02 5.766408079983121882e-01 1.729922423994936675e+00
1.800000000000000044e+00 1.168110857206037662e-01 3.504332571618112846e-01
2.249999999999999917e-02 6.245649831520972972e-01 1.873694949456291781e+00
6.750000000000000444e-02 5.147342429793938523e-01 1.544202728938181668e+00
4.499999999999999833e-02 5.228141558902067443e-01 1.568442467670620122e+00
2.249999999999999917e-02 8.431634632664473106e-01 2.529490389799342154e+00
2.249999999999999917e-02 8.556487216202783852e-01 2.566946164860834934e+00
7.605000000000000426e+00 5.603347491207273656e-02 1.681004247362182236e-01
4.499999999999999833e-02 6.377544603158692427e-01 1.913263380947607839e+00
2.025000000000000133e-01 3.529819304108741673e-01 1.058945791232622557e+00
2.249999999999999917e-02 6.429013203370167462e-01 1.928703961011050350e+00
2.249999999999999917e-02 6.137199430789487264e-01 1.841159829236846068e+00
1.687500000000000000e+00 1.213923575891144302e-01 3.641770727673432906e-01
2.249999999999999917e-02 7.417015492965849388e-01 2.225104647889754705e+00
2.474999999999999978e-01 2.848353458402004823e-01 8.545060375206015024e-01
2.249999999999999917e-02 7.455847592720195038e-01 2.236754277816058512e+00
3.150000000000000022e-01 2.913431390389928377e-01 8.740294171169784576e-01
2.249999999999999917e-02 9.470413777131944100e-01 2.841124133139583119e+00
7.492499999999999716e+00 6.017448926814533000e-02 1.805234678044359831e-01
6.750000000000000444e-02 4.297778712121506084e-01 1.289333613636451936e+00
4.499999999999999833e-02 6.758485387760609919e-01 2.027545616328183087e+00
2.924999999999999822e-01 2.609415893055931357e-01 7.828247679167794626e-01
2.249999999999999917e-02 7.193309463007218074e-01 2.157992838902165644e+00
2.249999999999999917e-02 7.500148834471762616e-01 2.250044650341529007e+00
2.249999999999999917e-02 7.843681417032499770e-01 2.353104425109750153e+00
2.249999999999999917e-02 6.488970317084385986e-01 1.946691095125315796e+00
2.249999999999999917e-02 8.271248761767787672e-01 2.481374628530336413e+00
4.499999999999999833e-02 6.643406727123344346e-01 1.993022018137003304e+00
2.249999999999999917e-02 9.892120538884455749e-01 2.967636161665336836e+00
7.245000000000000107e+00 5.930011509260448704e-02 1.779003452778134542e-01
2.249999999999999917e-02 6.248927900243033129e-01 1.874678370072909939e+00
2.249999999999999917e-02 9.235201192361208733e-01 2.770560357708362620e+00
4.499999999999999833e-02 5.959925062703647081e-01 1.787977518811094235e+00
2.249999999999999917e-02 7.347201702968338966e-01 2.204160510890501801e+00
2.249999999999999917e-02 8.505603951866472778e-01 2.551681185559941945e+00
2.249999999999999917e-02 8.380736468311468235e-01 2.514220940493440359e+00
5.400000000000000355e-01 2.188193441157795793e-01 6.564580323473387935e-01
2.249999999999999917e-02 8.976018249276315197e-01 2.692805474782894670e+00
4.499999999999999833e-02 6.367232633298446354e-01 1.910169789989534017e+00
1.350000000000000089e-01 5.539266372587174914e-01 1.661779911776152474e+00
6.817499999999999893e+00 5.720244176705780587e-02 1.716073253011734245e-01
2.249999999999999917e-02 6.684280030051403809e-01 2.005284009015420921e+00
2.249999999999999917e-02 1.013650188186834500e+00 3.040950564560503722e+00
2.249999999999999917e-02 7.731697987128111071e-01 2.319509396138433210e+00
4.499999999999999833e-02 5.829073081033144810e-01 1.748721924309943443e+00
2.249999999999999917e-02 8.095704042090396957e-01 2.428711212627119309e+00
4.499999999999999833e-02 7.541154382676976686e-01 2.262346314803092895e+00
6.750000000000000444e-02 6.098173978714007681e-01 1.829452193614202304e+00
2.249999999999999917e-02 8.690803557252047007e-01 2.607241067175614102e+00
2.249999999999999917e-02 6.441030656854104253e-01 1.932309197056231387e+00
2.249999999999999917e-02 9.709517049764909702e-01 2.912855114929473022e+00
2.249999999999999917e-02 5.400261978310026967e-01 1.620078593493007979e+00
1.642500000000000071e+00 1.035494689658067596e-01 3.106484068974202928e-01
6.750000000000000444e-02 6.925222877265037047e-01 2.077566863179511003e+00
2.249999999999999917e-02 8.774953714456239506e-01 2.632486114336871630e+00
2.249999999999999917e-02 6.050065362627435883e-01 1.815019608788230876e+00
1.350000000000000089e-01 3.626175136385775821e-01 1.087852540915732691e+00
2.025000000000000133e-01 3.663859569380171211e-01 1.099157870814051474e+00
2.249999999999999917e-02 9.337985971549992437e-01 2.801395791464997842e+00
4.499999999999999833e-02 6.811460968287390561e-01 2.043438290486217390e+00
2.249999999999999917e-02 6.839843033625857549e-01 2.051952910087757154e+00
2.249999999999999917e-02 1.027094996578920005e+00 3.081284989736760238e+00
2.249999999999999917e-02 6.090199261072947179e-01 1.827059778321884043e+00
2.249999999999999917e-02 6.768086785870059963e-01 2.030426035761017989e+00
1.350000000000000089e-01 4.651079663787012208e-01 1.395323899136103662e+00
2.249999999999999917e-02 9.302854217904458212e-01 2.790856265371337575e+00
7.245000000000000107e+00 5.294021354256642220e-02 1.588206406276992666e-01
2.249999999999999917e-02 6.097759433259424267e-01 1.829327829977827280e+00
6.750000000000000444e-01 1.950475720956471037e-01 5.851427162869413667e-01
0.000000000000000000e+00 0.000000000000000000e+00 0.000000000000000000e+00
3.802500000000000213e+00 8.805673551067154381e-02 2.641702065320146176e-01
2.249999999999999917e-02 7.817034822246887726e-01 2.345110446674066207e+00
8.999999999999999667e-02 6.551850526263069963e-01 1.965555157878920989e+00
2.249999999999999917e-02 7.522664788298133454e-01 2.256799436489440147e+00
4.499999999999999833e-02 7.674086388935287273e-01 2.302225916680586071e+00
2.249999999999999917e-02 8.216229893174098464e-01 2.464868967952229539e+00
2.249999999999999917e-02 9.046904757416431853e-01 2.714071427224929778e+00
6.682500000000000107e+00 5.904212409070454248e-02 1.771263722721136413e-01
6.232499999999999929e+00 6.194270695687133232e-02 1.858281208706140109e-01
2.249999999999999917e-02 8.555968053162223974e-01 2.566790415948667192e+00
0.000000000000000000e+00 0.000000000000000000e+00 0.000000000000000000e+00
3.622500000000000053e+00 8.976058128976523165e-02 2.692817438692957088e-01
2.249999999999999917e-02 8.798738981867947340e-01 2.639621694560384313e+00
2.249999999999999917e-02 9.528381438314720286e-01 2.858514431494416197e+00
4.499999999999999833e-02 6.386164469327255677e-01 1.915849340798176703e+00
2.249999999999999917e-02 9.525927215252674163e-01 2.857778164575802471e+00
2.249999999999999917e-02 8.465702194676768544e-01 2.539710658403030674e+00
2.249999999999999917e-02 8.232745934350376160e-01 2.469823780305112848e+00
6.570000000000000284e+00 5.984269843667581329e-02 1.795280953100274468e-01
2.249999999999999917e-02 7.093025900503232561e-01 2.127907770150969657e+00
2.249999999999999917e-02 9.082108428128996547e-01 2.724632528438698742e+00
4.499999999999999833e-02 6.500944750911691328e-01 1.950283425273507287e+00
2.249999999999999917e-02 7.712512568108127464e-01 2.313753770432438017e+00
4.499999999999999833e-02 7.513734941368132025e-01 2.254120482410439497e+00
2.249999999999999917e-02 8.605945227527900254e-01 2.581783568258369854e+00
1.350000000000000089e-01 4.090063319795043117e-01 1.227018995938512935e+00
2.249999999999999917e-02 8.340954024116613574e-01 2.502286207234984072e+00
2.767500000000000071e+00 1.066206344385813437e-01 3.198619033157440450e-01
2.249999999999999917e-02 9.798453063027828813e-01 2.939535918908348755e+00
6.254999999999999893e+00 6.190551973946128994e-02 1.857165592183838698e-01
6.750000000000000444e-02 6.046078967845600616e-01 1.813823690353680185e+00
2.249999999999999917e-02 1.028135609877995904e+00 3.084406829633987712e+00
4.499999999999999833e-02 6.356407052765752352e-01 1.906922115829725595e+00
4.499999999999999833e-02 6.889442123463929146e-01 2.066832637039178522e+00
6.750000000000000444e-02 6.685722836470934238e-01 2.005716850941280160e+00
1.575000000000000011e-01 4.196868645914771934e-01 1.259060593774431691e+00
2.249999999999999917e-02 8.338547120672259449e-01 2.501564136201677613e+00
6.750000000000000444e-02 6.664109463063232486e-01 1.999232838918969746e+00
2.249999999999999917e-02 8.304789620787047522e-01 2.491436886236114034e+00
4.499999999999999833e-02 8.806208373970060288e-01 2.641862512191018197e+00
4.544999999999999929e+00 6.550683530720405323e-02 1.965205059216121597e-01
2.249999999999999917e-02 8.842857964074744004e-01 2.652857389222423201e+00
2.249999999999999917e-02 1.077719935673749019e+00 3.233159807021246834e+00
2.249999999999999917e-02 6.696064314470080436e-01 2.008819294341024353e+00
4.050000000000000266e-01 2.943386825135000384e-01 8.830160475405001153e-01
9.000000000000000222e-01 1.887501978135924241e-01 5.662505934407773278e-01
2.632499999999999840e+00 1.140825801171141407e-01 3.422477403513424221e-01
2.025000000000000133e-01 4.139258069372976911e-01 1.241777420811893018e+00
2.249999999999999917e-02 7.095590811122959307e-01 2.128677243336887681e+00
2.249999999999999917e-02 8.372285877581771008e-01 2.511685763274531524e+00
4.499999999999999833e-02 9.822013814520945685e-01 2.946604144356283594e+00
2.249999999999999917e-02 5.460490217099311927e-01 1.638147065129793578e+00
2.249999999999999917e-02 8.163893366796391993e-01 2.449168010038917487e+00
2.250000000000000056e-01 4.511512285400772204e-01 1.353453685620231717e+00
7.874999999999999778e-01 1.693279904851412165e-01 5.079839714554236219e-01
2.249999999999999917e-02 9.087092328193739910e-01 2.726127698458121973e+00
1.125000000000000028e-01 5.327205339046334753e-01 1.598161601713900426e+00
6.750000000000000444e-02 5.510254396542513255e-01 1.653076318962753977e+00
2.249999999999999917e-02 9.872986499097528013e-01 2.961895949729258515e+00
3.599999999999999867e-01 2.305302528669767592e-01 6.915907586009302221e-01
2.249999999999999917e-02 1.011199466597085372e+00 3.033598399791256117e+00
2.249999999999999917e-02 9.457110906761025948e-01 2.837133272028308006e+00
2.677500000000000213e+00 8.695919383819386561e-02 2.608775815145816246e-01
2.249999999999999917e-02 9.623842245311008403e-01 2.887152673593302410e+00
2.249999999999999917e-02 9.533322142389291098e-01 2.859996642716787107e+00
6.750000000000000444e-02 5.288065877403566040e-01 1.586419763221069701e+00
2.249999999999999917e-02 1.018302373223223922e+00 3.054907119669671545e+00
6.750000000000000444e-02 7.430029979363422798e-01 2.229008993809026951e+00
2.249999999999999917e-02 8.292559433188080309e-01 2.487767829956424315e+00
2.249999999999999917e-02 9.777946508317981733e-01 2.933383952495394631e+00
3.104999999999999982e+00 8.305848214327928025e-02 2.491754464298378546e-01
2.249999999999999917e-02 9.182897886487656480e-01 2.754869365946297055e+00
6.750000000000000444e-02 6.832296709392108314e-01 2.049689012817632605e+00
2.249999999999999917e-02 6.753734180463208947e-01 2.026120254138962906e+00
2.249999999999999917e-02 8.432783135539317909e-01 2.529834940661795262e+00
4.499999999999999833e-02 7.539074487592688500e-01 2.261722346277806661e+00
2.249999999999999917e-02 6.711478198182333488e-01 2.013443459454700157e+00
2.249999999999999917e-02 9.091571425640875281e-01 2.727471427692262473e+00
2.249999999999999917e-02 9.637240913529931952e-01 2.891172274058979585e+00
1.665000000000000036e+00 1.538977260915029566e-01 4.616931782745088420e-01
4.499999999999999833e-02 7.530862895276201341e-01 2.259258868582860291e+00
4.499999999999999833e-02 7.064370762410249194e-01 2.119311228723074869e+00
3.825000000000000067e-01 2.834524013074557480e-01 8.503572039223672441e-01
2.249999999999999917e-02 8.177967503725366294e-01 2.453390251117609999e+00
2.249999999999999917e-02 7.537897117215827114e-01 2.261369135164748023e+00
1.350000000000000089e-01 4.222892820070357489e-01 1.266867846021107358e+00
3.262500000000000178e+00 9.971544426259394689e-02 2.991463327877818545e-01
2.249999999999999917e-02 1.347566716315851343e+00 4.042700148947553807e+00
2.249999999999999917e-02 9.446240149549087750e-01 2.833872044864726547e+00
2.249999999999999917e-02 9.246909311498617834e-01 2.774072793449585461e+00
1.485000000000000098e+00 1.485176846173124343e-01 4.455530538519373307e-01
2.249999999999999917e-02 8.446712391939179554e-01 2.534013717581753866e+00
2.249999999999999917e-02 8.693301099521416608e-01 2.607990329856424871e+00
4.499999999999999833e-02 8.101014981022153227e-01 2.430304494306645857e+00
3.150000000000000022e-01 3.111769116747010733e-01 9.335307350241032198e-01
2.474999999999999978e-01 3.168554981179060315e-01 9.505664943537180944e-01
2.249999999999999917e-02 6.868897319505814503e-01 2.060669195851744462e+00
2.249999999999999917e-02 7.375233545525630152e-01 2.212570063657689268e+00
1.125000000000000028e-01 8.753593369375330946e-01 2.626078010812599395e+00
0.000000000000000000e+00 0.000000000000000000e+00 0.000000000000000000e+00
2.249999999999999917e-02 8.827942752417831107e-01 2.648382825725349221e+00
2.249999999999999917e-02 9.642463590374799054e-01 2.892739077112439716e+00
2.249999999999999917e-02 9.280813291522247432e-01 2.784243987456674230e+00
2.025000000000000133e-01 3.951487343340333580e-01 1.185446203002100019e+00
2.249999999999999917e-02 1.059242726979181759e+00 3.177728180937545055e+00
2.249999999999999917e-02 9.902088954400690701e-01 2.970626686320207099e+00
2.249999999999999917e-02 7.877023527123604429e-01 2.363107058137081218e+00
8.549999999999999822e-01 1.673298129682476987e-01 5.019894389047431238e-01
1.417499999999999982e+00 1.533131196387224338e-01 4.599393589161673290e-01
1.125000000000000000e+00 2.273870455243354738e-01 6.821611365730064769e-01
0.000000000000000000e+00 0.000000000000000000e+00 0.000000000000000000e+00
2.249999999999999917e-02 1.057758788638918812e+00 3.173276365916756436e+00
4.499999999999999833e-02 8.716909006445682229e-01 2.615072701933704558e+00
4.499999999999999833e-02 8.875567456154703772e-01 2.662670236846411242e+00
2.249999999999999917e-02 8.952788054654921002e-01 2.685836416396476523e+00
2.249999999999999917e-02 8.751422827582377995e-01 2.625426848274713620e+00
2.249999999999999917e-02 1.061689173677583531e+00 3.185067521032750371e+00
2.249999999999999917e-02 8.858720710461375214e-01 2.657616213138412675e+00
2.249999999999999917e-02 8.685477215288430752e-01 2.605643164586529004e+00
1.215000000000000080e+00 1.799999295643510411e-01 5.399997886930530955e-01
2.249999999999999917e-02 9.121207987970296749e-01 2.736362396391089025e+00
2.249999999999999917e-02 5.698924931893871726e-01 1.709677479568161518e+00
4.499999999999999833e-02 8.521240931399234331e-01 2.556372279419770521e+00
2.249999999999999917e-02 1.084986994814595818e+00 3.254960984443787453e+00
2.249999999999999917e-02 9.697364654151304775e-01 2.909209396245391321e+00
2.249999999999999917e-02 1.010711010059961001e+00 3.032133030179883004e+00
4.499999999999999833e-02 8.261317517599409133e-01 2.478395255279822962e+00
4.499999999999999833e-02 8.174016666683542320e-01 2.452205000005062807e+00
1.350000000000000089e-01 4.828707041607222528e-01 1.448612112482166703e+00
2.249999999999999917e-02 8.482041743263106781e-01 2.544612522978932034e+00
1.080000000000000071e+00 1.957142860556410624e-01 5.871428581669231317e-01
2.249999999999999917e-02 9.882835925410351496e-01 2.964850777623105671e+00
4.499999999999999833e-02 4.084920905402320002e-01 1.225476271620695945e+00
2.249999999999999917e-02 9.454978564852788425e-01 2.836493569455836639e+00
2.249999999999999917e-02 9.293357665066863671e-01 2.788007299520058879e+00
4.499999999999999833e-02 8.799967863562164760e-01 2.639990359068649539e+00
2.249999999999999917e-02 1.086308650743966764e+00 3.258925952231900069e+00
6.750000000000000444e-02 6.205649447402575847e-01 1.861694834220772865e+00
5.174999999999999600e-01 3.045175448641218030e-01 9.135526345923654645e-01
2.249999999999999917e-02 9.080984198353536652e-01 2.724295259506060773e+00
1.799999999999999933e-01 4.680167709259808184e-01 1.404050312777942455e+00
6.750000000000000444e-01 2.310937436856035088e-01 6.932812310568104985e-01
6.750000000000000444e-02 5.786495487038694208e-01 1.735948646111608262e+00
2.249999999999999917e-02 1.323397860147442762e+00 3.970193580442328063e+00
2.474999999999999978e-01 4.745323366328449421e-01 1.423597009898534882e+00
2.249999999999999917e-02 8.643029864249349714e-01 2.592908959274804914e+00
2.249999999999999917e-02 9.612507095168090210e-01 2.883752128550427063e+00
2.249999999999999917e-02 1.110003421632816289e+00 3.330010264898448646e+00
2.249999999999999917e-02 9.217056932205446307e-01 2.765117079661633781e+00
4.499999999999999833e-02 8.988489925601903519e-01 2.696546977680570834e+00
4.499999999999999833e-02 7.289830455439255674e-01 2.186949136631776813e+00
2.249999999999999917e-02 1.022942203528528715e+00 3.068826610585586145e+00
2.249999999999999917e-02 9.286843708517289464e-01 2.786053112555186839e+00
2.249999999999999917e-02 9.002135507027325678e-01 2.700640652108197592e+00
2.249999999999999917e-02 1.288458548609808130e+00 3.865375645829424389e+00
2.249999999999999917e-02 8.473700229846787835e-01 2.542110068954036350e+00
2.249999999999999917e-02 7.552941628020622966e-01 2.265882488406187001e+00
4.499999999999999833e-02 8.433737337590304639e-01 2.530121201277091281e+00
2.249999999999999917e-02 8.250447021497591127e-01 2.475134106449277560e+00
2.249999999999999917e-02 9.309457945113156496e-01 2.792837383533946838e+00
2.249999999999999917e-02 9.782017071165906019e-01 2.934605121349771917e+00
4.050000000000000266e-01 3.250421035281965687e-01 9.751263105845897616e-01
2.249999999999999917e-02 9.808437836898132867e-01 2.942531351069439971e+00
6.750000000000000444e-02 7.799174338672537621e-01 2.339752301601761175e+00
1.125000000000000028e-01 6.249482536887679407e-01 1.874844761066303711e+00
2.249999999999999917e-02 1.032990987377696346e+00 3.098972962133089037e+00
2.249999999999999917e-02 8.282837909705674795e-01 2.484851372911702327e+00
6.750000000000000444e-02 5.898520552768816705e-01 1.769556165830644900e+00
6.750000000000000444e-02 7.736923581709869158e-01 2.321077074512960969e+00
4.499999999999999833e-02 7.004468971321754500e-01 2.101340691396526239e+00
6.750000000000000444e-02 7.728856961228643963e-01 2.318657088368593300e+00
2.249999999999999917e-02 8.448940395824062755e-01 2.534682118747218826e+00
4.499999999999999833e-02 8.518475241777493379e-01 2.555542572533247903e+00
1.125000000000000028e-01 6.517362435587982228e-01 1.955208730676394779e+00
2.249999999999999917e-02 9.528250226112917609e-01 2.858475067833875283e+00
2.249999999999999917e-02 1.170577181297084657e+00 3.511731543891253970e+00
1.350000000000000089e-01 7.570491757463833071e-01 2.271147527239150143e+00
2.249999999999999917e-02 7.660985949867215039e-01 2.298295784960164401e+00
2.249999999999999917e-02 5.846724989684389806e-01 1.754017496905317053e+00
2.249999999999999917e-02 1.033975951297764651e+00 3.101927853893293729e+00
2.249999999999999917e-02 7.048347831171219990e-01 2.114504349351365775e+00
2.249999999999999917e-02 9.984906127306976131e-01 2.995471838192092839e+00
2.249999999999999917e-02 8.768810842252101612e-01 2.630643252675630706e+00
2.249999999999999917e-02 9.221993328328442763e-01 2.766597998498532718e+00
2.249999999999999917e-02 1.036554726980286834e+00 3.109664180940860501e+00
2.249999999999999917e-02 9.899380531350400192e-01 2.969814159405120169e+00
2.249999999999999917e-02 8.222218122720316158e-01 2.466665436816094736e+00
2.249999999999999917e-02 9.211905728680372940e-01 2.763571718604111993e+00
0.000000000000000000e+00 0.000000000000000000e+00 0.000000000000000000e+00
0.000000000000000000e+00 0.000000000000000000e+00 0.000000000000000000e+00
0.000000000000000000e+00 0.000000000000000000e+00 0.000000000000000000e+00
0.000000000000000000e+00 0.000000000000000000e+00 0.000000000000000000e+00
0.000000000000000000e+00 0.000000000000000000e+00 0.000000000000000000e+00
0.000000000000000000e+00 0.000000000000000000e+00 0.000000000000000000e+00
0.000000000000000000e+00 0.000000000000000000e+00 0.000000000000000000e+00
0.000000000000000000e+00 0.000000000000000000e+00 0.000000000000000000e+00
0.000000000000000000e+00 0.000000000000000000e+00 0.000000000000000000e+00
0.000000000000000000e+00 0.000000000000000000e+00 0.000000000000000000e+00
0.000000000000000000e+00 0.000000000000000000e+00 0.000000000000000000e+00
